0 1
86
4 3
11 2
27 11
35 13
36 16
37 22
53 19
55 22
65 35
66 39
68 50
84 63
85 33
87 51
106 62
111 92
114 100
124 82
138 126
150 170
176 79
180 195
193 163
204 170
223 145
236 155
237 154
238 157
239 245
262 213
299 181
309 198
312 251
313 252
323 202
391 232
392 233
393 189
402 390
403 192
414 250
416 322
436 332
439 334
440 333
482 277
489 278
507 359
513 290
518 302
525 309
534 312
541 318
667 358
676 380
683 475
684 313
689 473
729 497
731 498
789 689
831 462
842 467
984 384
996 509
1019 527
1021 518
1049 542
1051 397
1052 526
1059 539
1104 549
1106 549
1235 663
1267 631
1345 574
1386 618
1415 619
1456 119
1471 696
1514 101
1596 689
1664 607
1815 597
1848 528
1895 674
0 2
37
78 112
177 614
204 223
230 804
275 942
304 614
312 479
313 480
398 804
399 1090
528 804
584 1201
675 1397
681 804
684 1087
745 2352
834 1785
874 805
876 1093
912 3658
925 1159
930 2237
932 2236
1021 2329
1068 2469
1073 2481
1074 1803
1076 1804
1077 2484
1088 1815
1417 3968
1418 2478
1422 2482
1512 4079
1930 1789
1974 2474
1975 2475
0 3
17
61 1605
275 130
532 776
738 804
848 1605
1040 1046
1074 1611
1088 1248
1186 2083
1220 2757
1417 2765
1418 1601
1419 2114
1422 2112
1621 2244
1631 2244
2084 2486
2 3
25
308 870
601 377
611 389
768 377
1164 405
1545 2489
1776 1161
1803 1611
1808 1251
1812 1253
1819 1242
1942 2657
2321 1911
2459 2499
2469 1605
2476 2499
2478 1601
2482 2112
3658 1729
3733 2610
3941 2025
3968 2765
3969 2109
3970 2769
4004 2083
0 4
17
141 719
182 1390
481 345
601 436
695 511
931 669
950 1066
953 761
954 763
1108 1138
1144 912
1145 913
1146 916
1147 917
1264 663
1683 1724
1802 549
2 4
19
805 1578
1126 683
1211 1219
1408 1320
1409 1319
1457 683
1765 1751
1801 1219
2261 1014
2549 1735
2552 1735
2763 301
3425 1219
3521 1078
3694 465
3707 1750
3945 719
4004 1219
4088 1191
0 5
103
27 22
65 57
76 46
78 64
83 54
106 101
111 109
114 151
125 121
135 132
136 133
192 173
234 220
238 223
242 227
243 228
261 243
262 778
265 318
297 369
312 291
314 227
315 293
323 237
350 342
366 353
373 357
403 282
413 289
426 497
428 307
431 402
482 430
488 432
525 471
534 377
583 523
661 557
672 460
674 703
684 472
696 598
706 760
710 614
786 670
792 675
799 549
827 697
834 693
837 694
857 577
872 734
873 735
880 744
889 757
899 992
901 773
919 783
931 795
932 796
997 846
1058 708
1077 712
1079 720
1088 720
1092 911
1099 1187
1102 927
1103 928
1106 934
1121 1239
1124 1258
1145 1320
1148 1322
1151 997
1154 1003
1214 1787
1219 801
1265 1551
1267 248
1338 1092
1362 1123
1374 1615
1433 1172
1458 1191
1483 1235
1486 1760
1492 1253
1509 1262
1511 959
1535 1338
1546 1380
1562 411
1632 1450
1798 1115
1865 1627
1892 1657
1912 1814
1919 1162
2038 1774
2039 1775
2040 1775
2054 1260
1 5
38
2 3
11 22
13 19
45 23
62 101
83 104
98 147
99 148
100 151
119 167
126 180
157 223
170 150
185 202
189 375
194 220
226 331
232 465
251 291
252 292
277 430
280 432
303 571
309 471
318 483
325 310
343 334
358 564
406 620
480 744
500 1450
503 1450
508 848
559 738
609 1143
677 1450
711 1678
759 1450
4 5
20
170 148
415 618
465 1645
470 317
529 640
669 795
670 796
676 767
677 619
678 620
688 652
887 1450
888 803
918 1322
959 287
1247 1408
1248 1407
1532 1666
1618 1615
1694 366
0 6
19
275 270
312 436
313 437
528 793
848 2435
853 1763
1068 2435
1070 2439
1073 1761
1076 2446
1088 2467
1104 1780
1111 1352
1114 1780
1132 3376
1180 1759
1418 2442
1565 1780
1917 614
2 6
214
6 3
8 5
25 25
31 29
41 37
43 39
49 47
51 51
56 84
61 56
63 39
65 40
66 43
89 113
109 134
121 68
122 105
127 112
135 118
138 130
159 152
161 211
162 111
163 162
171 165
172 166
173 184
177 174
197 259
198 262
199 263
200 200
210 276
220 157
226 294
232 304
234 305
247 255
254 336
266 267
267 268
289 391
294 395
302 223
306 714
315 323
329 337
332 339
333 340
342 346
345 345
347 350
373 275
380 372
399 388
409 224
431 542
444 576
459 342
472 348
473 349
476 434
477 438
479 436
480 437
488 466
509 814
515 489
518 494
519 495
551 367
563 382
564 932
587 540
592 548
595 560
608 567
611 571
614 423
624 575
626 579
631 435
652 830
666 610
667 814
684 642
699 689
700 914
705 693
713 920
723 932
725 713
763 741
778 787
783 771
788 774
799 572
802 784
804 793
805 789
806 595
813 808
814 809
816 810
864 812
874 877
883 1156
884 1157
897 1170
903 907
906 1511
911 669
912 892
914 677
915 678
920 930
924 931
942 270
946 2182
947 955
950 1220
959 1223
968 968
969 969
973 971
1021 999
1027 990
1054 1021
1067 761
1072 1033
1073 1034
1077 1038
1078 1040
1079 1041
1084 1047
1086 1059
1090 794
1092 1346
1103 799
1141 1434
1159 819
1188 1495
1197 1158
1198 1506
1210 1469
1229 908
1235 910
1259 1217
1275 962
1291 966
1302 1240
1357 1012
1359 1279
1372 1273
1385 1308
1386 1305
1405 1347
1409 1049
1415 1069
1416 1070
1441 1093
1444 1397
1445 1421
1449 1429
1506 1966
1516 1467
1517 1465
1560 1498
1587 1469
1620 1192
1627 2173
1743 2294
1766 2376
1790 1748
1802 1764
1803 1765
1819 1788
1820 1349
1826 1780
1851 2624
1939 1997
1952 2754
1955 1963
1974 1980
2073 2061
2098 2947
2106 3199
2114 2041
2135 2065
2153 3120
2173 2083
2197 3365
2200 2119
2242 1477
2275 2174
2365 3497
2425 2369
2469 2435
2471 2439
2474 1746
2477 2441
2478 2442
2479 1762
2482 2445
3230 3143
3580 3357
3658 3405
3714 3492
3819 3467
3842 3657
3942 3668
3963 2428
3970 3686
3976 2443
0 7
20
78 103
247 407
397 1114
574 843
896 843
914 236
917 843
934 852
1113 993
1176 843
1642 1141
1913 843
1917 843
1922 843
1926 843
1983 117
2032 1147
2060 1141
2062 1141
2077 1141
2 7
31
456 236
634 487
1121 236
1176 236
1204 236
1208 236
1211 236
1224 236
1381 1114
1490 843
1513 236
1827 236
2255 1198
2259 1114
2267 843
2459 1019
2470 1019
2476 1019
2494 236
2551 1141
2691 236
2886 843
3425 236
3599 1056
3661 1114
3758 843
3903 843
3906 843
3967 236
3994 236
4004 236
3 7
98
20 16
26 26
67 94
79 84
89 74
104 110
116 173
133 93
134 133
135 132
156 156
160 114
165 243
166 121
167 124
208 209
215 325
226 222
232 352
233 229
241 355
263 256
271 384
281 295
288 312
294 565
305 449
335 367
343 381
344 382
345 380
355 374
362 271
370 512
385 293
398 316
403 236
404 432
449 468
460 612
493 690
502 561
505 405
548 444
650 775
652 243
665 628
668 805
696 656
723 681
731 562
740 807
741 559
781 236
800 599
910 633
915 1059
923 645
942 665
949 787
954 791
956 641
964 671
972 694
989 807
1025 582
1026 583
1100 859
1124 1147
1128 743
1143 748
1148 750
1152 1147
1177 764
1184 764
1199 785
1201 871
1204 778
1288 993
1341 843
1343 898
1345 916
1422 841
1499 861
1523 872
1642 993
1868 917
1872 919
2002 934
2263 1056
2392 271
2453 1016
2499 1019
2671 1053
2674 1178
2709 843
2821 843
2841 1221
5 7
19
411 843
488 724
630 843
738 993
931 993
998 843
1341 1141
1357 236
1377 843
1415 843
1575 904
1602 517
1665 1114
1673 1114
1679 843
1712 1198
1795 1141
1799 1141
1801 1141
6 7
40
344 236
406 275
414 843
614 843
618 843
804 487
918 487
1166 236
1167 236
1175 236
1361 236
1440 236
1501 236
1521 236
1523 236
1759 993
1849 1119
1949 236
1954 236
1957 236
1961 713
2105 236
2109 236
2111 236
2126 236
2128 236
2167 843
2169 843
2436 236
2451 236
2749 236
3355 236
3372 236
3428 1114
3430 1114
3431 1114
3591 1114
3676 1114
3689 236
3700 236
2 8
35
229 554
267 198
342 375
399 748
459 457
546 972
652 1644
676 897
677 898
725 989
1103 617
1288 2177
1304 1867
1314 1394
1567 3522
1802 2074
1803 2073
1808 2055
1815 2046
1819 2060
2170 4367
2244 543
2297 3659
2408 4249
2427 2978
2450 4246
2469 2851
2477 2857
2478 2858
2479 2872
2482 2865
2611 3294
3968 4372
3969 4366
3977 4382
3 8
55
45 63
134 113
180 217
267 300
268 221
320 261
444 668
595 482
607 499
608 500
637 1027
652 25
793 904
814 923
855 722
887 1402
992 1537
994 1140
1002 2823
1021 1087
1056 929
1105 3920
1146 1402
1181 2010
1242 2060
1244 2845
1251 2055
1286 1066
1297 1447
1318 2772
1343 2204
1428 2520
1444 2399
1471 2646
1561 2826
1601 2858
1605 2851
1611 2073
1614 1909
1634 1449
1663 2772
1741 3276
1785 1634
1795 3684
1910 4005
2025 3441
2032 1966
2118 2565
2145 2674
2322 3252
2326 2214
2742 2571
2765 4372
2831 1938
2841 4392
6 8
61
104 103
105 104
108 106
112 159
155 300
181 1054
184 321
231 239
266 376
267 197
268 198
275 278
304 420
342 457
350 353
392 2582
395 535
431 611
459 936
482 683
532 775
587 611
620 1640
632 936
666 2192
687 3772
712 988
713 989
793 611
798 616
799 617
822 1640
830 1644
856 1258
857 1259
923 1301
933 924
977 1050
1066 1170
1085 1634
1092 2233
1188 1217
1190 1217
1357 2067
1388 2229
1534 1631
1535 1637
1538 1234
1590 1394
1758 2065
1764 2074
1781 1538
1788 2060
1849 3252
2020 3430
2435 2851
2439 4368
2441 2857
2442 2858
2445 2865
3703 4367
0 9
21
252 534
315 360
903 534
1149 535
1150 534
1157 534
1163 534
1171 534
1172 535
1179 534
1187 534
1195 534
1545 534
1549 534
1550 535
1560 535
1561 534
1567 534
1622 535
1627 534
1983 171
2 9
19
1395 355
1423 534
1505 353
1608 237
1609 238
1611 534
1685 534
1792 270
2556 534
2607 534
2667 534
2722 535
2787 535
3392 534
3549 534
3552 534
3573 534
3574 535
3854 446
3 9
36
81 112
108 76
110 161
112 109
154 160
180 235
219 281
305 393
439 49
1329 535
1330 534
1339 535
1356 534
1477 477
1677 534
1678 535
1686 534
1687 535
1688 534
1690 535
1691 534
1698 534
1708 534
1710 535
1755 534
1766 534
1767 535
2087 603
2227 535
2240 534
2250 535
2282 534
2290 535
2361 534
2838 347
2896 534
4 9
29
523 535
673 560
873 535
942 534
997 534
1010 534
1044 534
1067 560
1260 535
1264 534
1265 535
1312 534
1334 534
1350 535
1362 535
1363 534
1403 535
1404 534
1408 534
1409 535
1421 535
1496 534
1497 535
1520 534
1555 560
1633 534
1634 535
1636 534
1639 534
6 9
23
945 397
966 330
1396 535
1728 355
1804 534
1806 534
1808 534
1812 534
1813 535
1828 534
1926 534
1943 535
2168 560
2488 534
2489 534
2498 535
2519 534
2524 535
2542 534
2547 534
2557 534
2629 534
3434 330
7 9
41
20 33
47 54
49 55
69 71
75 95
97 98
101 151
117 171
118 173
147 157
148 190
150 195
174 224
175 225
197 187
204 272
216 286
219 206
251 235
260 255
268 260
277 341
347 370
370 327
372 330
376 334
413 360
434 351
447 370
449 393
480 466
571 261
695 618
907 535
910 535
983 535
992 534
1100 535
1104 534
1105 535
1187 534
8 9
24
915 237
928 330
1766 130
2104 534
2120 534
2166 535
2543 477
2969 534
2970 535
3003 535
3032 535
3079 534
3106 534
3109 534
3116 534
3117 535
3198 534
3202 535
3254 534
3255 535
3265 534
3437 560
4100 534
4426 603
9 10
19
76 44
98 75
143 86
184 123
185 124
196 121
239 133
243 108
244 162
249 139
258 123
259 124
261 154
274 122
280 120
334 183
335 123
336 124
455 126
4 11
17
76 74
199 224
230 206
238 211
371 241
405 342
591 314
675 474
771 536
816 765
1017 295
1026 1030
1072 855
1178 847
1221 534
1390 638
1614 1044
2 12
18
456 239
566 737
634 488
1204 239
1211 239
1381 1119
1730 1119
2208 730
2255 1207
2259 1119
2545 873
2546 873
3599 1058
3661 1119
3682 1061
3698 1061
3804 386
3941 1119
3 12
91
20 16
26 26
67 96
79 86
89 74
104 158
116 176
133 95
134 136
135 135
156 159
160 117
165 246
167 127
208 212
209 306
215 326
226 225
232 353
233 232
263 259
271 383
281 296
288 313
294 566
305 450
335 366
343 380
344 381
345 379
355 373
362 274
370 513
385 294
398 317
404 433
449 471
455 469
460 615
493 696
502 562
505 406
548 445
650 784
652 246
665 631
668 815
696 660
714 530
723 687
740 817
741 560
800 599
910 636
923 648
942 669
949 796
954 799
956 644
964 676
972 700
989 817
1025 582
1026 583
1124 1152
1128 753
1143 758
1148 760
1152 1152
1177 774
1184 774
1199 794
1201 884
1204 787
1288 1000
1343 909
1345 924
1422 850
1499 874
1523 886
1642 1000
1868 927
1869 928
1872 926
2002 945
2392 274
2453 1019
2671 1055
2674 1185
2683 978
2747 455
5 12
16
405 518
488 732
738 1000
931 1000
1426 1061
1575 915
1602 518
1679 852
1712 1207
1795 1061
1797 1061
1799 1061
1801 1061
1803 1061
1804 1061
1805 1061
7 12
1201
0 0
1 1
2 2
3 3
4 4
5 5
6 6
7 7
8 8
9 9
10 10
11 11
12 12
13 13
14 14
15 15
16 16
17 17
18 18
19 19
20 20
21 21
22 22
23 23
24 24
25 25
26 26
27 27
28 28
29 29
30 30
31 31
32 32
33 33
34 34
35 35
36 36
37 37
38 38
39 39
40 40
41 41
42 42
43 43
44 44
45 45
46 46
47 47
48 48
49 49
50 50
51 51
52 52
53 53
54 54
55 55
56 56
57 57
58 58
59 59
60 60
61 61
62 62
63 63
64 64
65 65
66 66
67 67
68 68
69 69
70 70
71 71
72 72
73 73
74 74
75 77
76 78
77 79
78 80
79 81
80 82
81 83
82 84
83 85
84 86
85 87
86 88
87 89
88 90
89 91
90 92
91 93
92 94
93 95
94 96
95 97
96 98
97 100
98 101
99 102
100 103
101 104
102 105
103 106
104 107
105 108
106 109
107 110
108 111
109 112
110 113
111 114
112 115
113 116
114 117
115 118
116 119
117 120
118 121
119 122
120 123
121 124
122 125
123 126
124 127
125 128
126 129
127 130
128 131
129 132
130 133
131 134
132 135
133 136
134 137
135 138
136 99
137 139
138 140
139 141
140 142
141 143
142 144
143 145
144 146
145 147
146 148
147 149
148 150
149 151
150 152
151 153
152 154
153 155
154 156
155 157
156 159
157 160
158 161
159 162
160 163
161 164
162 165
163 166
164 167
165 168
166 169
167 170
168 171
169 172
170 173
171 174
172 175
173 176
174 177
175 178
176 179
177 180
178 181
179 183
180 184
181 185
182 186
183 187
184 188
185 189
186 190
187 191
188 192
189 193
190 194
191 195
192 196
193 197
194 198
195 199
196 200
197 201
198 202
199 203
200 204
201 205
202 206
203 207
204 208
205 209
206 210
207 211
208 306
209 212
210 213
211 214
212 215
213 216
214 217
215 218
216 219
217 220
218 221
219 222
220 223
221 224
222 225
223 226
224 227
225 228
226 229
227 230
228 231
229 232
230 233
231 234
232 235
233 236
234 237
235 238
236 239
237 240
238 241
239 242
240 243
241 244
242 245
243 246
244 247
245 248
246 249
247 250
248 251
249 252
250 253
251 254
252 255
253 256
254 257
255 258
256 259
257 260
258 261
259 262
260 263
261 264
262 265
263 266
264 267
265 268
266 269
267 270
268 271
269 272
270 273
271 274
272 275
273 276
274 277
275 278
276 279
277 280
278 385
280 281
281 282
282 283
283 284
284 285
285 286
287 288
288 289
289 290
290 291
291 292
292 293
293 294
294 295
295 296
296 297
297 298
298 299
299 300
300 301
301 302
302 303
303 304
304 305
305 306
306 307
307 308
308 309
309 310
310 311
311 312
312 313
313 314
314 315
315 316
316 317
317 318
318 319
319 320
320 321
321 322
322 323
323 324
324 325
325 326
326 327
327 328
328 329
329 330
330 331
331 332
332 333
333 334
334 335
335 336
336 337
337 338
338 339
339 340
340 341
341 342
342 343
343 344
344 345
345 346
346 347
347 348
348 349
349 350
350 351
351 352
352 353
353 354
354 355
356 356
357 357
358 358
359 359
360 360
361 361
362 457
363 362
364 363
365 364
366 365
367 366
368 367
369 368
370 369
371 370
372 371
373 372
374 373
375 374
376 375
377 376
378 377
379 378
380 379
381 380
382 381
383 382
384 383
385 384
386 387
387 388
388 389
389 390
390 391
391 392
392 393
393 394
394 395
395 396
396 397
397 398
398 399
399 400
400 401
401 402
402 403
403 404
404 405
405 406
406 407
407 408
408 409
409 410
410 411
411 412
412 413
413 414
414 415
415 416
416 417
417 418
418 419
419 420
420 421
421 422
422 423
423 424
424 425
425 426
426 427
427 428
428 429
429 430
430 431
431 432
432 433
433 434
434 435
435 436
436 437
437 438
438 439
439 440
440 441
441 442
442 443
443 444
444 445
445 446
446 447
447 448
448 449
449 450
450 451
451 452
452 453
453 454
454 455
455 456
456 458
457 459
458 460
459 461
460 462
461 463
462 464
463 465
464 466
465 467
466 468
467 470
468 471
469 472
470 473
471 474
472 608
474 475
475 476
476 477
477 478
478 479
479 480
480 481
481 482
482 483
483 484
484 485
485 486
486 487
487 488
488 489
489 490
490 491
491 492
492 493
493 494
494 495
495 496
496 497
497 498
498 499
499 500
500 501
501 502
502 503
503 504
504 505
505 506
506 507
507 508
508 509
509 510
510 511
511 512
512 513
513 514
514 515
515 516
516 517
517 518
518 519
519 520
520 521
521 522
522 523
523 524
524 525
525 526
526 527
527 528
528 529
529 530
530 531
531 532
532 533
533 534
534 535
535 536
536 537
537 538
538 539
539 540
540 541
541 542
542 543
543 544
544 545
545 546
546 547
547 548
548 549
549 550
550 551
551 552
552 553
553 554
554 555
555 556
556 557
557 558
558 559
559 560
560 561
561 562
562 563
563 564
564 565
565 566
566 567
567 568
568 569
569 570
570 709
571 571
572 572
573 573
574 574
575 575
576 576
577 577
578 578
579 579
580 580
581 581
582 582
583 583
584 584
585 585
586 586
587 587
588 588
589 589
590 590
591 591
592 592
593 593
594 594
595 595
596 596
597 597
598 598
599 599
600 600
601 601
602 602
603 603
604 604
605 605
606 606
607 607
608 609
609 612
610 613
612 615
613 616
614 617
615 618
616 619
617 620
618 621
619 622
620 623
621 624
622 625
623 626
624 627
625 628
626 629
627 630
628 631
629 632
630 633
631 634
632 635
633 636
634 637
635 638
636 639
637 640
638 641
639 642
640 643
641 644
642 645
643 646
644 647
645 648
646 649
647 650
648 651
649 652
650 653
651 654
652 655
653 656
654 658
655 659
656 660
657 661
658 662
659 663
660 664
661 665
662 666
663 667
664 668
665 669
666 671
667 672
668 673
669 674
670 675
671 676
672 677
673 679
674 680
675 681
676 682
677 683
678 684
679 685
680 686
681 687
682 688
683 689
684 690
685 691
686 692
687 693
688 694
689 695
690 696
691 697
692 698
693 699
694 700
695 701
696 702
697 703
698 704
699 705
700 706
701 707
702 709
703 710
704 711
705 712
706 714
707 715
708 716
709 717
710 718
711 719
712 720
713 721
714 722
715 723
716 724
717 725
718 726
719 727
720 728
721 608
723 731
724 732
725 733
726 734
727 737
728 738
729 739
730 740
731 741
732 742
733 743
734 744
735 745
736 746
737 747
738 748
739 749
740 750
741 751
742 752
743 753
744 754
745 755
746 756
747 757
748 758
749 759
750 760
751 761
752 762
753 763
754 764
755 765
756 766
757 767
758 768
759 769
760 770
761 771
762 772
763 773
764 774
765 775
766 776
767 777
768 778
769 779
770 780
771 781
773 782
774 783
775 784
776 785
777 786
778 787
779 788
780 789
781 790
782 791
783 792
784 793
785 794
786 795
787 796
788 797
789 798
791 799
792 800
793 801
794 802
795 803
796 804
797 805
798 806
799 807
800 808
801 809
802 810
803 813
804 814
805 815
806 816
807 817
808 818
809 819
810 820
811 821
812 822
813 823
814 824
815 825
816 826
817 827
818 828
819 829
820 830
821 831
822 832
823 833
824 834
825 835
826 836
827 837
828 838
829 839
830 840
831 841
832 842
833 843
834 844
836 846
837 847
838 848
840 849
841 850
842 851
843 852
844 853
845 854
846 855
847 857
848 858
849 859
850 860
851 861
852 863
853 864
854 865
855 866
856 869
857 870
858 871
859 872
860 873
861 874
862 875
863 876
865 878
866 879
867 880
868 881
869 882
870 883
871 884
872 886
873 887
874 888
875 889
876 890
877 891
878 892
879 893
881 895
882 896
884 897
885 898
886 899
887 900
888 901
889 902
890 903
891 904
894 905
895 906
896 907
897 908
898 909
899 910
900 911
901 912
902 913
903 914
904 915
905 916
906 917
909 918
910 919
914 922
915 923
916 924
917 927
918 928
919 926
920 929
921 931
922 932
923 934
924 935
925 936
926 937
927 938
928 939
929 940
930 941
931 942
932 943
933 944
934 945
935 946
936 947
937 948
938 949
939 950
940 951
941 952
942 953
943 954
945 955
947 956
948 957
949 958
950 959
951 960
952 961
953 962
955 963
956 964
957 965
958 966
959 967
960 968
961 969
962 970
963 971
964 972
965 973
966 975
967 976
968 977
969 979
970 1087
971 980
972 981
973 982
974 1092
975 983
976 984
977 985
978 986
979 1094
980 988
981 989
982 990
983 991
984 992
987 994
988 995
989 996
990 997
991 998
992 999
993 1000
994 1001
995 1002
996 1003
997 1004
998 1005
999 1006
1000 1007
1001 1008
1002 1009
1004 1010
1005 1011
1007 1012
1008 1013
1009 1014
1012 1015
1013 1016
1014 1017
1015 1018
1016 1019
1017 1020
1018 1022
1020 1023
1021 1024
1022 1025
1023 1026
1024 1027
1025 1028
1026 1029
1027 1030
1028 1031
1029 933
1030 1032
1031 1033
1032 1034
1033 1035
1034 1036
1035 1037
1036 1038
1037 1039
1038 1040
1039 1041
1040 1042
1041 1043
1042 1044
1043 1045
1044 1046
1045 1047
1046 1048
1047 1049
1048 1050
1049 1051
1050 1052
1051 1053
1052 1054
1053 1055
1054 1056
1055 1057
1056 1058
1057 1059
1058 1060
1059 1061
1060 1062
1061 1063
1062 1064
1063 1065
1064 1066
1065 1067
1066 1068
1067 1069
1068 1070
1069 1071
1070 1072
1071 1073
1072 1074
1073 1075
1076 1077
1077 1078
1078 1079
1079 1080
1080 1081
1081 978
1082 1083
1083 1085
1084 1086
1085 1089
1086 1090
1087 1091
1088 1093
1091 1095
1092 1096
1093 1097
1095 1098
1098 1101
1099 1102
1101 1103
1102 1104
1103 1105
1104 1106
1105 1107
1106 1108
1107 1111
1108 1112
1109 1113
1110 1114
1111 1115
1112 1116
1113 1117
1114 1119
1116 1121
1117 1122
1118 1123
1120 1125
1121 1126
1122 1127
1123 1128
1124 1129
1125 1130
1126 1131
1127 1132
1128 1133
1129 1134
1130 1135
1131 1136
1132 1137
1133 1138
1134 1139
1135 1140
1136 1141
1137 1142
1138 1143
1139 1145
1140 1146
1141 1061
1142 1147
1143 1148
1144 1149
1145 1150
1146 1151
1147 1152
1148 1153
1149 1154
1150 1155
1151 1156
1152 1157
1153 1158
1154 1159
1155 1160
1156 1161
1157 1163
1158 1164
1159 1165
1160 1166
1161 1167
1162 1168
1163 1169
1164 1170
1165 1172
1166 1173
1167 1174
1168 1175
1169 1176
1170 1177
1171 1178
1172 1179
1173 1180
1174 1181
1175 1182
1176 1183
1177 1184
1178 1185
1179 1186
1180 1187
1181 1188
1182 1189
1183 1190
1184 1191
1185 1192
1186 1193
1187 1194
1188 1197
1189 1198
1190 1199
1191 1200
1192 1201
1193 1202
1194 1203
1195 1204
1196 1205
1197 1206
1198 1207
1199 1208
1200 1209
1201 1210
1202 1211
1203 1212
1204 1213
1205 1214
1206 1215
1207 1216
1208 1217
1209 1218
1210 1219
1211 1221
1212 1222
1213 1223
1214 1224
1215 1225
1218 1227
1219 1228
1221 1229
1222 1082
1223 1230
1224 1084
1225 1231
1226 1232
1227 1233
1228 1234
1229 1235
1230 1236
1231 1239
1232 1240
1233 1241
1234 1242
1235 1243
1236 1244
1238 1245
1239 1246
1240 1247
1241 1248
1242 1249
1244 1251
1245 1252
8 12
19
25 246
399 898
591 719
769 639
2204 909
2282 201
2377 737
2512 1061
2521 1061
2642 721
2847 1000
2883 1000
2884 1000
3197 469
3441 1119
3619 1000
3885 713
4343 1061
4389 518
9 12
32
33 20
54 47
55 49
95 77
98 100
107 67
151 104
157 149
171 120
173 121
185 196
187 201
190 150
200 306
220 233
224 177
225 178
255 263
258 195
259 196
260 271
278 306
327 369
334 375
335 195
341 280
348 289
360 414
393 450
406 486
466 481
618 701
0 13
102
27 22
65 57
76 46
78 64
83 54
106 101
111 109
114 151
125 121
135 132
136 133
192 173
234 220
238 222
242 227
243 228
261 243
262 761
265 319
297 369
312 291
314 227
315 293
323 237
350 342
366 353
372 358
373 357
403 282
407 383
413 289
426 494
428 307
431 406
440 329
454 343
488 431
525 468
534 377
583 515
661 551
672 457
674 698
684 469
696 593
699 738
706 747
710 608
786 665
792 670
799 544
827 692
834 688
857 572
889 745
899 974
901 758
919 764
922 1566
931 776
932 777
997 826
1058 702
1088 713
1092 889
1098 896
1102 905
1103 906
1121 1223
1124 1239
1145 1304
1151 981
1154 992
1214 1752
1219 781
1265 1516
1267 248
1338 1079
1362 1111
1374 1581
1433 1159
1441 715
1458 1176
1483 1220
1486 1724
1492 1234
1509 1242
1511 940
1543 1342
1546 1355
1555 1349
1798 1102
1837 1576
1838 1577
1865 1593
1892 1623
1895 1143
1919 1147
1942 1664
1960 1490
2038 1739
2054 1241
1 13
36
2 3
11 22
13 19
45 23
62 101
83 104
98 147
99 148
100 151
119 168
157 222
170 150
185 202
189 375
194 220
226 331
251 291
252 292
280 431
303 565
309 468
318 480
325 310
343 334
358 558
406 615
480 592
500 1424
503 1424
508 828
559 728
609 1130
674 1143
707 784
711 1643
759 1424
4 13
17
170 148
415 613
465 1613
529 638
669 776
670 777
676 752
677 614
678 615
688 650
888 784
889 784
959 287
1247 1379
1248 1378
1618 1581
1694 366
5 13
1632
0 0
1 1
2 2
3 3
4 4
5 5
6 6
7 7
8 8
9 9
10 10
11 11
12 12
13 13
14 14
15 15
16 16
17 17
18 18
19 19
20 20
21 21
22 22
23 23
24 24
25 25
26 26
27 27
28 28
29 29
30 30
31 31
32 32
33 33
34 34
35 35
36 36
37 37
38 38
39 39
40 40
41 41
42 42
43 43
44 44
45 45
46 46
47 47
48 48
49 49
50 50
51 51
52 52
53 53
54 54
55 55
56 56
57 57
58 58
59 59
60 60
61 61
62 62
63 63
64 64
65 65
66 66
67 67
68 68
69 69
70 70
71 71
72 72
73 73
74 74
75 75
76 76
77 77
78 78
79 79
80 80
81 81
82 82
83 83
84 84
85 85
86 86
87 87
88 88
89 89
90 90
91 91
92 92
93 93
94 94
95 95
96 96
97 97
98 98
99 99
100 100
101 101
102 102
103 103
104 104
105 105
106 106
107 107
108 108
109 109
110 110
111 111
112 112
113 113
114 114
115 115
116 116
117 117
118 118
119 119
120 120
121 121
122 122
123 123
124 124
125 125
126 126
127 127
128 128
129 129
130 130
131 131
132 132
133 133
134 134
135 135
136 136
137 137
138 138
139 139
140 140
141 141
142 142
143 143
144 144
145 145
146 146
147 147
148 148
149 149
150 150
151 151
152 152
153 154
154 155
155 156
156 157
157 158
158 159
159 160
160 161
161 162
162 163
163 164
164 165
165 166
166 167
167 168
168 169
170 170
171 171
172 172
173 173
174 174
175 175
176 176
177 177
178 178
179 179
180 180
181 181
182 182
183 183
184 184
185 185
186 186
187 187
188 188
189 189
190 190
191 191
192 192
193 193
194 194
195 195
196 196
197 197
198 198
199 199
200 200
201 201
202 202
203 203
204 204
205 205
206 206
207 207
208 208
209 209
210 210
211 211
212 212
213 213
214 214
215 215
216 216
217 217
218 218
219 219
220 220
222 221
223 222
224 224
225 225
226 226
227 227
228 228
229 229
230 230
231 231
232 232
233 233
234 234
235 235
236 236
237 237
238 238
239 239
240 240
241 241
242 242
243 243
244 244
245 245
246 246
247 247
248 248
249 249
250 250
251 251
252 252
253 253
254 254
255 255
256 256
257 257
258 258
259 259
260 260
261 261
262 262
263 263
264 264
265 265
266 266
267 267
268 268
269 269
270 270
271 271
272 272
273 273
274 274
275 275
276 276
277 277
278 278
279 279
280 280
281 281
282 282
283 283
284 284
285 285
286 286
287 287
288 288
289 289
290 290
291 291
292 292
293 293
294 294
295 295
296 296
297 297
298 298
299 299
300 300
301 301
302 302
303 303
304 304
305 305
306 306
307 307
308 308
309 309
310 310
311 311
312 313
313 314
314 315
315 316
316 317
317 318
318 319
319 320
320 321
321 322
322 323
323 324
324 325
325 326
326 327
327 328
328 329
330 330
331 331
332 332
333 333
334 334
335 335
336 336
337 337
338 338
339 339
340 340
341 341
342 342
343 343
344 344
345 345
346 346
347 347
348 348
349 349
350 350
351 351
352 352
353 353
354 354
355 355
356 356
357 357
358 358
359 359
360 360
361 361
362 362
363 363
364 364
365 365
366 366
367 367
368 368
369 369
370 370
371 371
372 372
373 373
374 374
375 375
376 376
377 377
378 378
379 379
380 380
381 381
382 382
383 383
384 385
385 386
386 387
387 388
388 389
389 390
390 391
391 392
392 394
393 395
394 396
395 397
396 398
397 399
398 400
399 401
401 403
402 406
403 407
404 408
405 409
406 411
407 412
408 413
409 414
410 415
411 521
412 416
413 417
414 418
415 527
417 419
418 420
419 421
420 422
421 423
422 424
425 425
426 426
427 427
429 428
430 429
431 430
432 431
433 432
434 433
435 434
436 435
438 358
439 436
440 437
441 438
442 439
443 440
444 441
445 442
446 443
447 444
448 445
449 446
450 447
451 448
452 449
453 450
454 451
455 452
456 453
457 454
458 455
459 456
460 457
461 458
462 459
463 460
464 461
465 462
466 463
467 464
468 465
469 466
470 467
471 468
472 469
473 470
474 471
475 472
476 473
477 474
478 475
479 476
480 477
481 478
482 479
483 480
484 481
485 482
486 383
487 483
488 484
489 485
490 486
491 487
492 488
493 490
494 491
495 492
496 493
497 494
498 495
499 496
500 497
502 499
503 500
505 501
506 502
507 503
508 504
513 507
514 508
515 509
516 510
517 511
518 634
519 512
520 410
521 513
522 514
523 515
524 516
525 519
526 520
527 523
528 524
529 525
530 526
531 528
534 529
535 530
536 531
537 532
538 533
539 534
540 535
541 536
542 537
543 538
544 539
545 540
546 541
547 542
548 543
549 544
551 545
552 546
553 547
554 548
555 549
556 550
557 551
558 552
559 553
560 554
561 555
562 556
563 557
564 558
565 559
566 560
567 561
568 562
569 563
570 564
571 565
572 566
573 567
575 568
576 571
577 572
579 575
580 576
582 577
583 283
584 578
585 579
586 580
587 581
588 582
589 583
590 584
591 585
592 586
593 587
594 588
595 589
596 590
597 591
598 593
601 594
602 596
603 597
604 598
605 599
606 600
607 601
608 602
609 603
610 604
611 605
612 606
613 607
614 608
615 610
616 611
617 612
618 613
619 614
620 615
621 616
622 617
623 619
624 620
625 621
626 622
627 623
628 624
629 625
630 627
631 628
632 629
633 630
634 632
635 633
636 635
637 771
638 636
639 637
640 638
641 639
643 641
644 642
645 643
646 644
647 645
648 646
649 647
650 648
651 649
652 650
653 651
654 652
655 653
656 654
657 655
658 656
662 657
663 658
664 659
665 660
666 661
667 662
668 663
669 664
670 665
671 666
672 667
673 668
674 669
675 670
676 671
677 673
679 674
680 675
681 676
682 677
683 678
684 679
685 680
686 681
687 682
688 683
689 684
690 685
691 686
692 687
693 688
694 689
695 690
696 691
697 692
698 693
699 694
700 695
701 696
702 697
703 698
704 699
705 700
706 701
707 569
708 702
709 703
710 704
711 705
714 707
715 708
716 709
717 710
718 711
719 712
720 713
721 714
722 715
723 716
724 717
725 718
726 719
727 720
730 722
731 723
732 724
733 725
736 726
737 727
738 728
739 729
740 730
741 731
742 732
743 733
744 592
746 734
747 735
748 736
750 737
751 739
752 740
753 741
754 742
755 743
756 744
757 745
758 746
760 747
763 748
764 749
765 750
766 751
767 752
768 753
769 754
770 755
771 756
772 757
773 758
776 759
777 760
778 761
779 762
781 626
782 763
783 764
784 765
785 766
786 768
787 769
788 770
790 771
791 772
792 773
793 774
794 775
795 776
796 777
797 778
798 779
799 780
801 781
802 783
803 784
804 785
805 786
806 787
807 788
808 789
810 790
811 791
812 792
813 793
814 794
815 795
816 796
817 797
818 798
819 799
820 800
821 801
823 802
824 803
825 804
826 805
827 806
828 808
829 809
830 810
831 812
832 813
833 814
834 815
835 816
836 817
837 818
838 819
839 820
840 821
841 822
844 823
845 824
846 826
847 827
848 828
849 829
850 830
851 831
852 832
853 833
854 834
855 835
856 836
857 837
858 838
859 839
860 841
861 842
862 843
863 844
864 845
865 846
866 847
867 848
870 850
871 851
872 852
873 853
874 854
875 855
876 856
877 857
878 858
879 859
880 860
881 861
882 862
883 863
884 864
885 865
886 866
887 867
888 868
889 869
890 870
891 871
892 872
893 874
894 875
896 876
897 877
898 878
899 879
900 880
901 881
902 882
904 883
905 884
906 885
907 886
908 715
909 887
910 888
911 889
912 890
913 891
914 892
916 894
917 895
918 896
919 897
920 898
921 899
922 900
923 901
924 902
925 903
926 904
927 905
928 906
929 907
930 908
932 910
933 911
934 912
935 913
936 915
937 916
938 917
939 918
940 919
941 920
943 921
944 924
945 925
946 926
947 927
948 928
949 929
950 930
951 931
952 932
953 934
954 935
955 936
956 937
957 938
958 939
959 940
960 941
961 942
963 943
964 945
965 946
966 947
967 948
968 949
970 950
971 951
972 952
974 954
975 955
976 956
977 957
978 958
981 961
982 962
984 964
985 965
986 968
987 969
988 970
989 971
990 972
991 973
992 974
993 975
994 976
995 978
996 980
997 981
998 984
999 985
1000 987
1003 992
1004 993
1006 994
1007 995
1010 998
1011 999
1012 1000
1015 1001
1016 1002
1017 1003
1018 1004
1019 1005
1020 1006
1021 1007
1023 1009
1025 1011
1026 1013
1027 1014
1028 1015
1029 1016
1030 1018
1031 1019
1032 1020
1033 1021
1035 1022
1036 1023
1038 1025
1039 1026
1041 1029
1042 1030
1043 1031
1044 1032
1045 1033
1046 1034
1047 1035
1048 1036
1050 1037
1051 1038
1052 1039
1053 1040
1054 1041
1055 1042
1056 1043
1057 1044
1058 1045
1059 1046
1060 1047
1061 1048
1062 1049
1063 1050
1064 1051
1065 1052
1066 1056
1067 1057
1068 1058
1069 1059
1071 807
1072 1060
1073 1511
1076 1061
1077 1062
1078 1063
1079 1064
1080 1065
1081 1066
1082 1067
1083 1069
1084 1070
1085 1071
1086 1072
1087 1073
1088 1075
1089 1076
1090 1077
1091 1078
1092 1079
1093 1080
1094 1081
1095 1082
1096 1083
1097 1084
1098 1085
1099 1086
1100 1087
1101 1088
1102 1089
1103 1090
1104 1091
1105 1092
1106 1093
1107 1094
1108 1095
1109 1096
1110 1097
1111 1098
1112 1099
1113 1100
1114 1101
1115 1102
1116 1103
1117 1104
1118 1105
1119 1106
1120 1108
1121 1109
1122 1110
1123 1111
1124 1112
1125 1113
1126 1114
1127 1115
1128 1116
1129 1117
1130 1118
1131 1119
1132 1120
1133 1121
1134 1122
1135 1123
1136 1124
1137 1125
1138 1126
1140 1127
1141 1128
1142 1129
1143 1130
1144 873
1145 1131
1146 1132
1147 1133
1148 1134
1149 1135
1150 1136
1151 1137
1153 1138
1154 1607
1155 1139
1156 1140
1157 1141
1158 1142
1159 1144
1160 1145
1161 1146
1162 1147
1164 1148
1165 1149
1166 1151
1167 1152
1168 1153
1169 1155
1170 1157
1171 1158
1172 1159
1173 1160
1174 1161
1175 1162
1176 1163
1177 1164
1178 1165
1179 1166
1180 1167
1181 1168
1182 1169
1183 1170
1184 1171
1185 1172
1188 1173
1189 1174
1190 1175
1191 1176
1192 1177
1193 1178
1194 1180
1195 1181
1196 1182
1197 1183
1199 1184
1201 1185
1202 1187
1203 1189
1204 922
1205 923
1206 1190
1207 1191
1208 1192
1209 1193
1210 1194
1211 1195
1212 1196
1213 1197
1214 1198
1215 1199
1216 1200
1217 1201
1218 1202
1219 1203
1221 1204
1222 1205
1223 1206
1224 1207
1225 1209
1226 1210
1227 1211
1228 1212
1229 1213
1230 1214
1231 1216
1232 1217
1233 1218
1234 1219
1235 1220
1236 1221
1237 1222
1239 1223
1240 1224
1241 1225
1243 1226
1244 1227
1245 1228
1246 1229
1247 1230
1248 1231
1251 1232
1252 1233
1253 1234
1254 1235
1255 1236
1256 1237
1257 1238
1258 1239
1259 1240
1260 1241
1262 1242
1263 1243
1264 1244
1265 1246
1266 1247
1268 1248
1269 1249
1270 1250
1271 1251
1273 1252
1274 1255
1275 1256
1276 1258
1277 1260
1278 1261
1279 1262
1280 1263
1281 1264
1282 1265
1283 1266
1284 1267
1285 1268
1288 1269
1289 1270
1290 1273
1291 1274
1292 1275
1293 1276
1294 1277
1295 1278
1297 1280
1298 1281
1299 1282
1300 1283
1301 1284
1302 1286
1304 1288
1305 1289
1306 1290
1307 1291
1308 1292
1310 966
1311 1296
1312 1297
1314 1298
1315 1299
1316 1300
1318 1301
1319 1302
1320 1304
1321 1305
1323 1306
1324 1307
1325 1308
1326 1309
1328 1310
1329 1311
1330 1312
1332 1313
1334 1315
1335 1316
1336 1317
1337 1318
1338 1319
1339 1320
1340 1321
1341 1322
1342 1323
1343 1324
1344 1325
1345 1327
1346 1328
1349 1329
1350 1330
1353 1333
1356 1335
1357 1336
1358 1337
1361 1338
1362 1339
1365 1340
1366 1341
1367 1342
1369 1343
1370 1344
1371 1346
1372 1347
1373 1348
1374 1349
1375 1350
1376 1351
1377 1352
1378 1353
1379 1354
1380 1355
1383 1357
1384 1358
1386 1359
1388 1361
1389 1362
1390 1365
1391 1363
1392 1364
1393 1366
1394 1367
1395 1368
1396 1369
1397 1370
1398 1371
1399 1372
1400 1373
1401 1009
1402 1374
1405 1376
1406 1377
1407 1378
1408 1379
1409 1380
1410 1382
1411 1381
1413 1384
1414 1385
1415 1386
1416 1388
1417 1389
1418 1392
1423 1395
1424 1396
1425 1017
1426 1398
1427 1399
1428 1401
1429 1402
1430 1403
1434 1406
1435 1407
1436 1408
1437 1409
1438 1410
1439 1411
1440 1412
1441 1413
1442 1415
1443 1416
1444 1417
1445 1418
1446 1420
1447 1422
1448 1423
1450 1424
1451 1425
1452 1426
1453 1427
1454 1428
1455 1429
1457 1430
1458 1431
1459 1432
1460 1434
1461 1435
1462 1436
1463 1437
1465 1438
1466 1441
1468 1439
1469 1440
1470 1441
1471 1442
1472 1443
1473 1444
1474 1445
1475 1446
1476 1447
1477 1448
1478 1449
1480 1451
1481 1452
1483 1454
1485 1455
1486 1456
1489 1458
1490 1459
1491 1460
1492 1461
1494 1462
1495 1463
1496 1464
1498 1466
1499 1467
1500 1468
1501 1470
1502 1471
1503 1472
1505 1474
1506 1475
1507 1476
1508 1477
1509 1478
1510 1479
1511 1480
1512 1481
1514 1482
1515 1483
1516 1484
1517 1485
1519 1486
1520 1487
1521 1488
1522 1489
1523 1490
1525 1491
1526 1492
1527 1494
1528 1054
1531 1496
1534 1499
1535 1500
1536 1501
1538 1502
1539 1503
1540 1504
1541 1505
1542 1507
1543 1506
1544 1508
1546 1510
1547 1512
1548 1513
1549 1514
1550 1515
1551 1516
1552 1517
1553 1518
1555 1519
1557 1520
1558 1521
1559 1522
1560 1524
1561 1525
1562 1526
1563 1527
1564 1528
1565 1529
1566 1530
1568 1532
1569 1533
1571 1534
1572 1535
1573 1536
1574 1537
1575 1538
1576 1539
1577 1540
1578 1541
1579 1542
1581 1544
1582 1545
1583 1546
1584 1547
1585 1548
1586 1549
1587 1550
1588 1551
1589 1552
1590 1553
1591 1554
1592 1555
1593 1556
1594 1557
1595 1558
1596 1559
1597 1560
1598 1561
1599 1562
1600 1564
1601 1565
1603 1566
1604 1567
1605 1568
1606 1570
1607 1571
1608 1572
1609 1573
1610 1574
1611 1575
1613 1579
1615 1581
1616 1582
1617 1583
1618 1584
1619 1585
1620 1586
1621 1587
1622 1588
1623 1589
1624 1590
1625 1591
1626 1592
1627 1593
1628 1594
1629 1596
1630 1597
1631 1598
1632 1599
1633 1600
1634 1601
1635 1602
1636 1603
1637 1604
1638 1605
1639 1606
1640 1608
1641 1609
1642 1610
1643 1611
1644 1612
1645 1613
1647 1614
1648 1615
1649 1617
1650 1618
1651 1619
1653 1620
1654 1621
1656 1622
1657 1623
1658 1624
1659 1625
1661 1626
1662 1627
1663 1628
1664 1629
1665 1630
1666 1631
1667 1633
1668 1634
1669 1635
1670 1636
1671 1637
1672 1638
1674 1640
1675 1641
1676 1154
1677 1642
1678 1643
1679 1644
1682 1647
1683 1648
1684 1649
1685 1650
1686 1651
1687 1652
1689 1653
1690 1654
1691 1655
1692 1656
1693 1657
1695 1658
1696 1659
1697 1660
1698 1661
1699 1662
1700 1665
1701 1666
1702 1667
1703 1668
1704 1669
1706 1672
1707 1673
1709 1674
1710 1675
1712 1677
1713 1678
1714 1679
1715 1680
1717 1681
1718 1682
1719 1683
1720 1685
1722 1687
1723 1688
1726 1691
1727 1692
1728 1693
1729 1694
1730 1696
1731 1697
1732 1698
1733 1699
1734 1700
1735 1701
1737 1702
1738 1703
1739 1704
1740 1705
1741 1706
1742 1707
1743 1708
1744 1709
1745 1710
1746 1711
1747 1712
1749 1713
1750 1714
1751 1715
1752 1716
1753 1717
1754 1718
1755 1719
1756 1720
1757 1721
1758 1722
1759 1723
1760 1724
1761 1725
1762 1726
1763 1728
1764 1729
1765 1730
1766 1731
1767 1733
1768 1734
1769 1735
1770 1736
1771 1737
1773 1738
1774 1739
1775 1740
1776 1741
1777 1742
1778 1743
1779 1744
1780 1745
1782 1746
1783 1747
1784 1748
1785 1750
1786 1751
1787 1752
1788 1753
1789 1754
1790 1755
1792 1757
1793 1758
1794 1759
1795 1760
1796 1763
1797 1764
1798 1765
1800 1767
1802 1768
1803 1769
1806 1772
1808 1773
1809 1774
1810 1775
1812 1776
1813 1777
1814 1778
1816 1780
6 13
16
346 1083
436 291
437 292
807 652
1056 673
1166 1336
1175 1336
1258 521
1523 1336
2105 1336
2109 1336
2749 1336
3366 1611
3387 1554
3432 1424
3530 1437
0 14
54
26 33
36 32
65 77
78 98
111 138
132 136
194 260
204 269
234 425
236 336
238 337
242 345
260 356
277 383
281 391
304 417
312 439
314 345
328 458
391 521
398 671
399 672
403 675
416 431
431 447
508 840
514 861
524 664
526 403
528 671
534 868
567 689
668 639
672 857
681 671
696 885
729 573
876 878
880 1052
892 888
893 475
895 1056
942 1286
944 1197
1115 430
1238 1286
1243 1286
1247 1286
1258 1286
1262 1197
1264 1413
1966 1050
2037 1187
2079 1293
2 14
133
0 0
19 16
26 15
37 30
51 58
52 57
58 94
69 70
87 178
92 108
96 110
111 163
112 98
122 78
135 119
136 207
139 114
142 162
143 163
152 101
158 133
159 136
162 140
163 137
171 204
199 237
200 134
201 135
206 179
207 180
223 269
237 205
240 154
249 229
257 232
261 425
265 340
268 338
280 181
299 293
300 297
302 296
304 288
340 333
341 425
344 335
350 345
363 260
380 245
389 353
392 355
403 376
405 378
426 301
435 307
457 418
473 437
477 435
479 439
497 447
551 588
564 368
574 599
587 482
595 493
599 406
608 530
624 546
646 688
676 444
677 445
679 707
698 587
709 588
715 591
723 368
741 479
750 601
773 646
783 654
797 664
799 676
801 536
802 675
804 671
805 682
864 708
906 713
912 907
913 720
914 717
916 198
918 723
920 576
932 920
937 198
956 596
957 597
967 769
991 771
1065 832
1073 853
1083 198
1085 868
1090 672
1092 877
1093 878
1096 1048
1103 684
1105 885
1137 697
1198 712
1325 992
1396 665
1498 1069
1580 1071
1583 712
1591 1075
1670 1108
1824 828
2447 1165
2449 1165
2736 162
2737 163
2762 1197
2854 1197
2869 1197
3622 585
3628 1209
3739 1378
3906 1428
3987 1339
4081 1428
5 14
27
30 178
108 1426
170 178
220 425
227 345
291 439
391 346
394 552
411 1428
472 869
819 1286
829 1197
951 1197
1074 1197
1076 1197
1129 1025
1182 1136
1424 1276
1465 1285
1516 1286
1517 1286
1518 1286
1519 1286
1520 390
1711 1276
1777 1413
1779 1413
6 14
38
111 140
118 119
152 136
223 296
263 237
349 437
372 245
425 402
431 424
433 549
436 439
438 435
503 350
572 676
677 717
793 671
794 672
799 684
892 907
930 576
1216 596
1258 1428
1425 715
1504 899
1506 712
1509 899
1511 713
1729 1165
2125 1071
2167 1428
2169 1428
2645 1197
2697 163
3088 1197
3316 1196
3318 1197
3506 1286
3602 1335
8 14
21
35 58
287 439
291 452
617 684
909 1276
950 715
1191 1328
1300 289
1736 899
1861 925
1892 1331
2369 899
2388 1197
2499 384
2500 385
2844 491
2997 1296
3118 1276
3625 1197
3640 1197
4361 1070
11 14
22
35 254
117 448
131 439
229 439
357 1350
411 1197
496 1276
551 529
623 568
769 1285
776 1286
779 1285
784 1285
856 1350
896 300
977 1276
1111 1196
1130 1286
1131 1285
1148 1286
1154 1197
1156 1197
13 14
25
30 178
108 1426
170 178
220 425
222 337
227 345
291 439
392 346
396 552
469 869
521 1428
799 1286
809 1197
931 1197
1052 1413
1117 1025
1169 1136
1438 1285
1465 1286
1484 1286
1485 1286
1486 1286
1487 390
1511 1196
1742 1413
0 15
21
61 2303
141 2778
315 2843
579 464
589 940
711 2711
848 2303
853 1827
855 1812
960 2635
1068 2303
1070 2302
1072 2309
1074 2311
1100 441
1180 1836
1249 1118
1408 1773
1418 2306
1465 1082
1922 2711
2 15
52
56 133
138 184
158 149
200 148
229 405
231 307
234 312
266 198
294 412
342 359
345 351
373 269
399 539
473 345
476 347
546 738
565 750
652 1146
676 479
677 1131
700 1242
713 954
725 755
801 1240
802 813
887 1564
924 956
1094 1106
1159 868
1221 1128
1559 1531
1802 1834
1803 2311
1807 1781
1815 1816
1819 1835
1847 496
2207 2654
2226 2654
2469 2303
2471 2302
2477 2305
2478 2306
2538 2848
2620 2848
3020 1932
3708 2481
3721 2850
3969 2941
4029 2848
4082 2848
4084 2848
3 15
22
45 60
151 246
165 28
267 207
985 1375
987 1819
1240 1832
1242 1835
1259 577
1262 1838
1264 1836
1279 1838
1280 1812
1288 1836
1605 2303
1611 2311
2109 2941
2328 1980
2709 2711
2765 2942
2786 2803
2841 2778
5 15
20
293 2843
344 1125
419 1125
585 1396
594 1773
713 1781
803 1254
805 2652
833 360
955 1082
956 1083
1030 893
1096 359
1265 1082
1266 1083
1468 2475
1522 2765
1537 1232
1539 1118
1540 1118
6 15
183
10 11
11 21
17 20
18 19
29 33
40 62
42 34
58 85
69 114
83 132
84 133
112 156
126 132
127 133
130 184
131 185
154 206
155 207
157 159
158 211
184 228
200 148
207 373
224 203
225 275
227 209
228 307
231 236
255 335
266 360
267 198
268 200
275 269
281 276
291 394
292 210
305 312
323 333
337 462
342 344
345 351
346 359
347 360
349 345
382 376
383 209
385 379
386 380
388 539
395 412
397 411
400 414
421 449
423 452
424 464
433 621
434 347
435 349
438 473
444 479
449 667
450 882
458 669
482 503
499 704
511 2677
522 543
528 549
530 391
578 440
619 666
620 1141
623 887
629 668
658 657
664 486
665 914
671 710
711 391
712 754
713 755
721 985
763 805
774 812
784 813
793 615
794 617
799 626
819 868
822 1141
824 1143
830 1146
832 889
840 1131
845 880
876 909
877 910
899 677
908 686
914 1242
917 1243
919 949
922 1237
923 945
929 1251
931 956
933 931
939 531
941 721
943 724
944 725
946 758
956 985
959 1279
962 783
1005 1364
1051 1089
1054 1066
1056 1009
1059 1091
1061 845
1066 1106
1068 858
1079 1442
1087 1454
1093 1144
1132 1508
1196 929
1204 1249
1232 1686
1289 2273
1337 1360
1346 1018
1358 2327
1362 2327
1369 2459
1370 2460
1400 1429
1421 1934
1458 1524
1466 1500
1470 1954
1488 1534
1495 1981
1499 1955
1500 1994
1536 1544
1626 2246
1669 1764
1706 1755
1726 1739
1762 1826
1763 1827
1764 1834
1765 2311
1769 1781
1784 1381
1788 1835
2108 1226
2120 1994
2133 2639
2134 1992
2138 2652
2144 2666
2242 2884
2280 2804
2306 2804
2435 2303
2439 2302
2441 2305
2442 2306
2443 2308
2444 2309
2445 2307
2452 1781
2622 2494
3427 2676
3441 2747
3445 2071
3579 2711
3668 2859
3670 1094
3720 1845
8 15
185
0 1
15 32
25 28
26 31
43 22
56 78
63 60
84 61
108 113
113 117
117 163
154 208
159 156
160 215
161 121
163 159
164 172
166 124
167 490
197 198
198 200
200 196
213 209
214 210
219 281
224 227
233 328
261 248
262 249
278 269
282 367
283 368
284 274
295 281
299 277
300 207
318 424
321 228
353 354
358 471
359 257
375 359
376 360
388 279
389 280
395 404
411 421
414 427
422 431
434 330
461 610
468 453
473 467
483 652
487 494
491 379
535 412
536 409
539 549
565 574
587 807
614 617
617 626
630 616
662 868
669 873
678 673
680 660
681 661
682 498
683 503
685 666
705 704
729 752
739 766
747 968
748 539
769 747
775 761
836 782
841 826
844 786
880 469
897 479
918 669
919 660
920 661
924 931
930 667
936 690
967 737
972 738
979 955
983 952
988 754
1086 1032
1110 1347
1126 1028
1140 1092
1170 1106
1176 856
1188 1119
1197 866
1223 1132
1224 1133
1250 909
1255 914
1264 710
1301 945
1326 1250
1471 1280
1497 1011
1504 1050
1505 1775
1580 1201
1623 1127
1643 1544
1644 1146
1680 1181
1718 1218
1767 1250
1773 954
1962 1661
1963 1662
1968 1629
2015 1354
2034 1365
2045 1819
2050 1819
2056 1770
2060 1835
2074 1834
2272 1474
2292 1934
2339 957
2340 958
2355 1992
2366 1994
2387 2015
2540 2088
2544 1609
2546 1610
2678 2118
2689 2122
2693 2123
2707 2133
2708 1635
2713 2139
2714 2140
2729 1681
2730 1682
2739 1690
2770 1726
2771 1759
2780 1763
2832 2272
2837 1806
2838 1769
2851 2303
2857 2305
2858 2306
2902 1837
3050 1857
3051 1858
3055 2343
3124 1883
3278 1922
3535 2774
3558 1228
3631 1971
3639 2765
4092 2815
4122 2127
4123 1083
4166 1514
4206 2842
4223 2251
4232 2219
4286 2241
4317 2264
4318 2265
4319 2264
4320 2265
4343 2940
4375 1773
13 15
22
293 2843
344 1125
421 1125
579 1396
588 1773
784 1254
786 2652
801 1118
814 360
936 1082
937 1083
1018 893
1083 359
1084 360
1246 1082
1247 1083
1390 2956
1439 2475
1489 2765
1503 1118
1504 1118
1771 1201
2 16
30
158 124
338 1328
343 311
399 605
459 285
469 296
630 286
706 140
713 2057
790 1400
1012 1328
1094 965
1275 2212
1790 3323
1803 1749
1810 1305
1812 1720
1816 1305
2167 881
2469 2315
2477 2313
2478 2314
2479 2326
2482 2322
2503 1314
2543 909
3478 881
3968 3435
3971 3414
3972 3415
3 16
226
33 44
35 30
36 54
44 71
61 65
69 75
87 98
112 116
129 180
130 181
131 322
132 323
134 135
148 197
149 199
181 183
196 265
199 273
213 281
228 299
248 322
249 323
265 240
267 242
270 243
276 361
277 359
288 201
289 274
310 398
315 297
320 217
327 308
375 370
380 480
381 481
383 483
386 491
387 375
397 511
399 275
401 277
421 397
426 525
432 403
450 324
461 792
462 596
466 608
467 609
468 610
488 638
494 489
497 363
504 471
506 643
542 518
563 520
571 537
595 554
613 784
614 785
615 786
617 595
621 600
622 797
625 807
626 800
634 829
637 620
659 854
665 850
666 851
677 856
678 468
679 623
680 469
681 867
682 869
687 644
690 648
715 663
719 653
731 913
753 671
772 362
796 1006
803 730
807 744
810 747
819 1102
824 1111
826 1118
828 796
830 1116
837 1522
839 1138
840 1135
843 1143
854 1163
855 586
880 619
883 837
887 1200
888 1219
890 1216
900 865
913 863
927 625
969 1273
994 940
1056 1047
1059 1486
1061 1487
1065 1496
1073 1509
1075 1508
1079 1122
1083 1535
1085 1529
1122 1596
1181 2308
1210 1265
1211 1261
1214 1676
1225 1683
1227 1275
1241 1714
1243 2261
1244 2278
1253 1720
1277 1289
1280 1737
1297 1299
1298 1712
1304 1328
1305 1329
1307 957
1343 1396
1359 1870
1361 1408
1365 1964
1368 1485
1371 2830
1375 1975
1380 1994
1383 1985
1384 1986
1391 2006
1392 2002
1394 2005
1397 1506
1400 2020
1405 2024
1406 2022
1421 2053
1429 1475
1462 2074
1471 2138
1474 2142
1483 1570
1499 1626
1504 1649
1523 1662
1601 2314
1605 2315
1611 1749
1614 1698
1619 2300
1630 1740
1633 1307
1640 1715
1643 1752
1665 1325
1666 1743
1669 1750
1733 2583
1734 2584
1741 2592
1752 1859
1783 1869
1785 1879
1803 2825
1804 2826
1810 2833
1824 2848
1828 2863
1844 2892
1852 2025
1853 2047
1855 2042
1862 2944
1868 2931
1869 2932
1870 2950
1931 2150
1935 3148
1936 3149
1940 1575
2040 2158
2050 958
2109 2306
2112 2322
2114 3450
2130 2267
2134 2269
2139 1704
2145 2274
2146 2270
2172 2289
2177 2295
2245 1856
2288 787
2297 1848
2322 2630
2326 1875
2394 2909
2438 2936
2509 2074
2565 2093
2712 3297
2765 3435
2827 3362
2846 3376
2850 2280
2867 3444
6 16
30
68 45
342 285
345 292
347 311
388 605
583 2312
619 747
771 491
830 1416
877 1059
920 2057
1085 1879
1350 2366
1358 2411
1363 2411
1381 2597
1458 2760
1509 1959
1766 1564
1772 1314
1773 1305
1856 2644
1981 881
2435 2315
2439 2310
2441 2313
2449 2332
2682 881
3443 1832
3686 3445
8 16
410
2 2
15 10
23 31
26 11
37 32
65 54
78 50
79 69
80 71
84 76
112 133
113 135
114 69
136 88
151 101
154 102
158 103
161 105
165 189
208 184
254 212
261 217
280 324
281 231
282 228
284 229
296 239
299 240
300 242
327 362
337 273
343 390
344 205
347 396
356 401
358 286
381 318
384 325
389 331
431 265
444 390
447 376
448 525
449 396
457 285
462 537
463 292
482 554
491 321
497 425
506 755
521 447
540 385
541 465
565 493
569 371
571 670
575 676
587 484
589 491
590 492
596 695
599 507
605 508
609 518
611 378
614 505
627 979
636 544
664 728
666 555
678 739
679 741
685 747
705 754
721 778
722 586
734 591
748 605
769 621
778 448
786 609
793 466
803 474
810 489
814 490
823 656
835 663
836 690
837 666
844 960
855 709
860 976
863 975
864 979
871 707
918 736
919 1037
929 1047
932 1035
941 1054
943 1065
957 783
959 789
972 808
977 1145
983 826
995 597
996 600
997 599
1003 795
1006 603
1014 815
1020 610
1021 811
1025 818
1027 620
1040 1642
1048 933
1070 854
1074 860
1081 864
1108 696
1116 932
1121 916
1123 956
1124 957
1127 1303
1140 940
1150 985
1151 986
1170 965
1189 722
1194 1005
1223 1407
1224 1408
1225 1884
1232 1420
1255 1061
1283 1475
1291 1479
1305 1067
1306 763
1325 1096
1329 784
1331 785
1332 786
1342 1111
1348 798
1359 805
1362 1135
1364 1129
1370 817
1375 829
1377 831
1378 830
1388 1663
1392 1279
1397 933
1402 1205
1415 1289
1419 844
1427 1209
1431 1211
1447 1299
1448 1228
1456 1710
1472 1712
1484 1269
1485 1274
1487 1275
1488 1731
1490 1273
1497 1747
1498 1750
1504 1756
1520 3309
1538 1312
1541 1348
1542 1349
1547 1354
1554 955
1559 1351
1608 1380
1623 1866
1630 1418
1634 1879
1644 1416
1672 1894
1680 1431
1681 1432
1698 1455
1699 1456
1771 1099
1774 1101
1776 1103
1779 1106
1793 1119
1796 1509
1797 2006
1810 1146
1812 1125
1813 1126
1814 1530
1818 1535
1819 1134
1823 1142
1829 1156
1835 1151
1837 1163
1853 2192
1854 1663
1893 1620
1909 1698
1921 1705
1922 2262
1923 2264
1932 1708
1938 2272
1939 1715
1946 1719
1954 2268
1959 1725
1973 1742
1984 1690
1992 2298
2010 2308
2011 1761
2015 2361
2016 1753
2026 2382
2034 1768
2039 1752
2042 1754
2053 1310
2054 1314
2056 1788
2073 1749
2109 2489
2123 1364
2137 1383
2138 1384
2139 1371
2155 2475
2203 2618
2204 1396
2208 1869
2214 1875
2215 2671
2218 2682
2272 1899
2282 3324
2292 1921
2313 2721
2347 2782
2350 1474
2368 1967
2382 2902
2404 3280
2416 1468
2431 1485
2433 1486
2436 1493
2437 1498
2441 1983
2448 1986
2453 1497
2456 1499
2460 1508
2471 2021
2473 1513
2482 1525
2483 2043
2497 1534
2514 2065
2516 1558
2520 2080
2533 2106
2534 2105
2539 2214
2540 3256
2546 3264
2554 2140
2560 2145
2573 2240
2582 2246
2633 1630
2640 2138
2649 2149
2664 3366
2670 2280
2671 2289
2674 2274
2675 2288
2689 2282
2709 3401
2713 3407
2714 3408
2717 2319
2727 2335
2728 2336
2734 3459
2739 2330
2764 2305
2769 2343
2770 2345
2773 2344
2774 3497
2780 2328
2781 2329
2786 2300
2787 2301
2795 3542
2810 2389
2811 2390
2814 2404
2815 2362
2822 3582
2824 2420
2826 1713
2827 1714
2830 2290
2838 2405
2850 2277
2851 2315
2856 2411
2857 2313
2858 2314
2864 2321
2865 2322
2872 2326
2873 2327
2898 2413
2902 1770
2910 2411
2927 2453
3052 2553
3154 2570
3242 2628
3246 2640
3247 2641
3252 2630
3266 2649
3276 2592
3278 2638
3301 2637
3342 2637
3369 2637
3427 2763
3428 2764
3594 2707
3595 2708
3597 2710
3602 2722
3604 2724
3631 3047
3639 2796
3684 2819
3702 1979
3706 3055
3710 1995
3719 1980
3720 2004
3730 2869
3741 2010
3750 2022
3756 2030
3758 2024
3764 2053
3768 2041
3772 2949
3778 2048
3809 2061
3815 2067
3821 2070
3825 2082
3831 2085
3892 3268
3896 3301
3911 3312
3976 3338
4002 3202
4009 2163
4030 3358
4066 3379
4067 3380
4068 3381
4074 3384
4079 3383
4085 3368
4122 3395
4127 3430
4148 3364
4196 3477
4206 3481
4211 3323
4229 3451
4244 2261
4281 3544
4313 3530
4344 3370
4365 3415
4366 3420
4368 2310
4372 3435
4374 3431
4382 3449
4384 3460
4398 2334
4415 3397
15 16
73
31 11
32 10
61 76
117 135
207 242
276 184
318 3484
344 285
351 292
366 318
367 228
461 378
467 1328
487 2593
539 605
574 493
613 1400
615 378
617 505
653 1471
666 747
738 808
905 1786
910 1059
914 1061
1029 1303
1072 1274
1132 1407
1142 1417
1146 1416
1182 1433
1240 2882
1279 1251
1348 1274
1441 2597
1452 1879
1453 1417
1474 1899
1569 3140
1573 2882
1607 2214
1610 3264
1690 2330
1711 2308
1726 2345
1770 1788
1782 1305
1802 2805
1812 1737
1820 1304
1822 1305
1823 1304
1829 954
1922 2638
1934 1921
1971 3047
2055 1959
2088 3256
2122 2282
2139 3407
2140 3408
2272 3570
2301 2129
2303 2315
2311 1749
2617 2772
2765 2796
2842 3481
2843 3482
2928 2507
2940 2462
2941 2306
2956 3397
