14
46
0 6
4.999946e-01 -2.833898e-05 1.488647e-02 -9.029469e-07 4.999541e-01 2.826044e-02 -8.140931e-08 1.234555e-08 1.000000e+00
0.000000e+00 0.000000e+00 0.000000e+00 0.000000e+00 0.000000e+00 0.000000e+00 0.000000e+00 0.000000e+00 0.000000e+00
1.0000000000000000e+00
712
0
0 7
7.226991e-01 3.466882e-01 3.093597e+02 -2.137424e-01 8.022356e-01 -3.148896e+01 -1.598212e-05 -2.192303e-04 1.000000e+00
0.000000e+00 0.000000e+00 0.000000e+00 0.000000e+00 0.000000e+00 0.000000e+00 0.000000e+00 0.000000e+00 0.000000e+00
5.9999999999999998e-01
15
0
0 13
1.050765e+00 -3.736179e-01 -1.613431e+02 2.239781e-01 9.736216e-01 -2.956966e+01 2.465411e-04 -1.606281e-05 1.000000e+00
0.000000e+00 0.000000e+00 0.000000e+00 0.000000e+00 0.000000e+00 0.000000e+00 0.000000e+00 0.000000e+00 0.000000e+00
5.9322033898305082e-01
35
0
2 3
8.097731e-01 -2.451028e-01 -1.679613e+02 2.797914e-01 9.298020e-01 -1.069999e+02 2.867796e-04 -1.131475e-04 1.000000e+00
0.000000e+00 0.000000e+00 0.000000e+00 0.000000e+00 0.000000e+00 0.000000e+00 0.000000e+00 0.000000e+00 0.000000e+00
5.7142857142857140e-01
16
0
2 8
9.945748e-01 1.233791e-01 9.342704e+01 -1.598361e-01 9.931474e-01 3.462810e+01 -1.380424e-04 -4.825749e-05 1.000000e+00
0.000000e+00 0.000000e+00 0.000000e+00 0.000000e+00 0.000000e+00 0.000000e+00 0.000000e+00 0.000000e+00 0.000000e+00
3.9416058394160586e-01
54
0
2 9
9.752109e-01 -1.587801e-01 -1.121111e+02 1.630337e-01 1.033134e+00 -5.970482e+01 1.488791e-04 1.180167e-05 1.000000e+00
0.000000e+00 0.000000e+00 0.000000e+00 0.000000e+00 0.000000e+00 0.000000e+00 0.000000e+00 0.000000e+00 0.000000e+00
4.0506329113924050e-01
64
0
2 10
9.127708e-01 2.733587e-01 2.164175e+02 -3.538446e-01 9.607947e-01 1.295248e+01 -2.842026e-04 -1.381347e-04 1.000000e+00
0.000000e+00 0.000000e+00 0.000000e+00 0.000000e+00 0.000000e+00 0.000000e+00 0.000000e+00 0.000000e+00 0.000000e+00
4.8888888888888887e-01
22
0
3 2
1.055638e+00 3.038063e-01 2.098136e+02 -3.571460e-01 9.869020e-01 4.561171e+01 -3.431457e-04 2.454005e-05 9.449906e-01
0.000000e+00 0.000000e+00 0.000000e+00 0.000000e+00 0.000000e+00 0.000000e+00 0.000000e+00 0.000000e+00 0.000000e+00
0.0000000000000000e+00
0
0
3 4
1.053658e+00 -7.343408e-01 -1.599352e+02 1.375518e-01 9.835563e-01 -1.326867e+02 -1.262500e-04 -5.172033e-06 1.000000e+00
0.000000e+00 0.000000e+00 0.000000e+00 0.000000e+00 0.000000e+00 0.000000e+00 0.000000e+00 0.000000e+00 0.000000e+00
5.8333333333333337e-01
14
0
3 8
9.854815e-01 5.958085e-01 2.306048e+02 -5.820364e-01 9.411202e-01 5.665763e+01 -5.251845e-04 -1.745927e-04 1.000000e+00
0.000000e+00 0.000000e+00 0.000000e+00 0.000000e+00 0.000000e+00 0.000000e+00 0.000000e+00 0.000000e+00 0.000000e+00
6.4000000000000001e-01
16
0
3 9
1.065310e+00 1.873475e-01 5.699221e+01 -1.525182e-01 1.001716e+00 2.907055e+01 -1.194034e-04 -5.682501e-05 1.000000e+00
0.000000e+00 0.000000e+00 0.000000e+00 0.000000e+00 0.000000e+00 0.000000e+00 0.000000e+00 0.000000e+00 0.000000e+00
3.5999999999999999e-01
63
0
3 10
9.620857e-01 5.786284e-01 5.628120e+02 -8.654803e-01 1.024654e+00 1.367128e+01 -7.637533e-04 -3.159314e-05 1.000000e+00
0.000000e+00 0.000000e+00 0.000000e+00 0.000000e+00 0.000000e+00 0.000000e+00 0.000000e+00 0.000000e+00 0.000000e+00
7.3913043478260865e-01
17
0
3 11
8.883372e-01 -2.822068e-01 -1.102856e+02 1.558851e-01 9.779096e-01 -3.970768e+01 1.862885e-04 -6.242282e-05 1.000000e+00
0.000000e+00 0.000000e+00 0.000000e+00 0.000000e+00 0.000000e+00 0.000000e+00 0.000000e+00 0.000000e+00 0.000000e+00
3.5365853658536583e-01
29
0
4 3
8.898207e-01 6.655688e-01 2.306258e+02 -1.093639e-01 9.356264e-01 1.066541e+02 1.117743e-04 8.886719e-05 1.029668e+00
0.000000e+00 0.000000e+00 0.000000e+00 0.000000e+00 0.000000e+00 0.000000e+00 0.000000e+00 0.000000e+00 0.000000e+00
0.0000000000000000e+00
0
0
4 5
4.774905e-01 -7.577271e-02 -7.281337e+01 1.344951e-02 4.828255e-01 -1.100036e+01 8.795985e-05 -5.902371e-05 1.000000e+00
0.000000e+00 0.000000e+00 0.000000e+00 0.000000e+00 0.000000e+00 0.000000e+00 0.000000e+00 0.000000e+00 0.000000e+00
5.0909090909090904e-01
28
0
4 11
9.629165e-01 2.288112e-01 1.657849e+02 -1.889053e-01 1.003288e+00 2.309780e+01 -1.485582e-04 -5.016045e-05 1.000000e+00
0.000000e+00 0.000000e+00 0.000000e+00 0.000000e+00 0.000000e+00 0.000000e+00 0.000000e+00 0.000000e+00 0.000000e+00
3.9393939393939392e-01
13
0
4 12
1.004316e+00 -4.726454e-01 -4.785071e+01 7.803447e-02 9.456434e-01 1.471144e+01 1.403816e-04 1.036795e-04 1.000000e+00
0.000000e+00 0.000000e+00 0.000000e+00 0.000000e+00 0.000000e+00 0.000000e+00 0.000000e+00 0.000000e+00 0.000000e+00
3.6363636363636365e-01
32
0
5 4
2.056389e+00 3.414850e-01 1.534891e+02 -6.148618e-02 2.063720e+00 1.822465e+01 -1.845088e-04 9.177147e-05 9.875748e-01
0.000000e+00 0.000000e+00 0.000000e+00 0.000000e+00 0.000000e+00 0.000000e+00 0.000000e+00 0.000000e+00 0.000000e+00
0.0000000000000000e+00
0
0
5 12
2.000111e+00 2.130871e-04 1.904597e-02 1.303413e-04 2.000050e+00 3.626456e-02 7.823368e-08 2.723815e-07 1.000000e+00
0.000000e+00 0.000000e+00 0.000000e+00 0.000000e+00 0.000000e+00 0.000000e+00 0.000000e+00 0.000000e+00 0.000000e+00
9.9799599198396793e-01
498
0
6 0
2.000022e+00 1.133683e-04 -2.977648e-02 3.602955e-06 2.000183e+00 -5.652613e-02 1.628203e-07 -2.468414e-08 1.000000e+00
0.000000e+00 0.000000e+00 0.000000e+00 0.000000e+00 0.000000e+00 0.000000e+00 0.000000e+00 0.000000e+00 0.000000e+00
0.0000000000000000e+00
0
0
6 7
1.707866e+00 7.392714e-01 3.816391e+02 -5.424989e-01 1.873448e+00 -6.257652e+01 -3.243083e-04 -2.645270e-04 1.000000e+00
0.000000e+00 0.000000e+00 0.000000e+00 0.000000e+00 0.000000e+00 0.000000e+00 0.000000e+00 0.000000e+00 0.000000e+00
6.8000000000000005e-01
17
0
6 13
2.076277e+00 -5.885922e-01 -2.076354e+02 4.286582e-01 1.872109e+00 -2.400974e+01 4.179322e-04 -6.661487e-05 1.000000e+00
0.000000e+00 0.000000e+00 0.000000e+00 0.000000e+00 0.000000e+00 0.000000e+00 0.000000e+00 0.000000e+00 0.000000e+00
5.9649122807017541e-01
34
0
7 0
1.191464e+00 -6.209643e-01 -3.881446e+02 3.209552e-01 1.090062e+00 -6.496572e+01 8.940522e-05 2.290501e-04 9.795542e-01
0.000000e+00 0.000000e+00 0.000000e+00 0.000000e+00 0.000000e+00 0.000000e+00 0.000000e+00 0.000000e+00 0.000000e+00
0.0000000000000000e+00
0
0
7 6
4.793191e-01 -2.168868e-01 -1.964989e+02 1.452734e-01 4.727988e-01 -2.585590e+01 1.938759e-04 5.472988e-05 9.294342e-01
0.000000e+00 0.000000e+00 0.000000e+00 0.000000e+00 0.000000e+00 0.000000e+00 0.000000e+00 0.000000e+00 0.000000e+00
0.0000000000000000e+00
0
0
8 2
9.733263e-01 -1.251247e-01 -8.660216e+01 1.517061e-01 9.857061e-01 -4.830659e+01 1.416812e-04 3.029519e-05 9.857141e-01
0.000000e+00 0.000000e+00 0.000000e+00 0.000000e+00 0.000000e+00 0.000000e+00 0.000000e+00 0.000000e+00 0.000000e+00
0.0000000000000000e+00
0
0
8 3
6.775177e-01 -4.531477e-01 -1.305645e+02 3.934544e-01 7.883551e-01 -1.353988e+02 4.245160e-04 -1.003451e-04 9.077899e-01
0.000000e+00 0.000000e+00 0.000000e+00 0.000000e+00 0.000000e+00 0.000000e+00 0.000000e+00 0.000000e+00 0.000000e+00
0.0000000000000000e+00
0
0
8 9
9.302036e-01 -2.520204e-01 -2.145319e+02 3.150448e-01 1.008298e+00 -1.293349e+02 3.142204e-04 -2.162071e-05 1.000000e+00
0.000000e+00 0.000000e+00 0.000000e+00 0.000000e+00 0.000000e+00 0.000000e+00 0.000000e+00 0.000000e+00 0.000000e+00
3.6538461538461536e-01
19
0
8 10
9.438442e-01 3.840945e-01 -2.485976e+00 -1.847585e-01 9.246429e-01 2.747852e+01 -1.442823e-04 -7.458117e-05 1.000000e+00
0.000000e+00 0.000000e+00 0.000000e+00 0.000000e+00 0.000000e+00 0.000000e+00 0.000000e+00 0.000000e+00 0.000000e+00
4.0389972144846797e-01
145
0
8 13
8.684510e-01 2.539284e-01 2.619182e+02 -3.253483e-01 9.441393e-01 1.359150e+01 -2.254502e-04 -1.269066e-04 1.000000e+00
0.000000e+00 0.000000e+00 0.000000e+00 0.000000e+00 0.000000e+00 0.000000e+00 0.000000e+00 0.000000e+00 0.000000e+00
5.9615384615384615e-01
31
0
9 2
9.822351e-01 1.495977e-01 1.190512e+02 -1.633411e-01 9.423920e-01 3.795298e+01 -1.443066e-04 -3.339377e-05 9.818279e-01
0.000000e+00 0.000000e+00 0.000000e+00 0.000000e+00 0.000000e+00 0.000000e+00 0.000000e+00 0.000000e+00 0.000000e+00
0.0000000000000000e+00
0
0
9 3
9.087390e-01 -1.726117e-01 -4.677313e+01 1.349903e-01 9.710028e-01 -3.592098e+01 1.161773e-04 3.456682e-05 9.923739e-01
0.000000e+00 0.000000e+00 0.000000e+00 0.000000e+00 0.000000e+00 0.000000e+00 0.000000e+00 0.000000e+00 0.000000e+00
0.0000000000000000e+00
0
0
9 8
9.187765e-01 2.345218e-01 2.274387e+02 -3.250066e-01 9.115694e-01 4.817345e+01 -2.957252e-04 -5.398276e-05 9.295757e-01
0.000000e+00 0.000000e+00 0.000000e+00 0.000000e+00 0.000000e+00 0.000000e+00 0.000000e+00 0.000000e+00 0.000000e+00
0.0000000000000000e+00
0
0
9 10
0.000000e+00 0.000000e+00 0.000000e+00 0.000000e+00 0.000000e+00 0.000000e+00 0.000000e+00 0.000000e+00 0.000000e+00
0.000000e+00 0.000000e+00 0.000000e+00 0.000000e+00 0.000000e+00 0.000000e+00 0.000000e+00 0.000000e+00 0.000000e+00
0.0000000000000000e+00
0
0
10 2
9.220047e-01 -2.904694e-01 -1.957757e+02 3.354018e-01 9.332052e-01 -8.467414e+01 3.083667e-04 4.635584e-05 9.326636e-01
0.000000e+00 0.000000e+00 0.000000e+00 0.000000e+00 0.000000e+00 0.000000e+00 0.000000e+00 0.000000e+00 0.000000e+00
0.0000000000000000e+00
0
0
10 3
5.292661e-01 -3.079344e-01 -2.936674e+02 4.414684e-01 7.186755e-01 -2.582889e+02 4.181761e-04 -2.124807e-04 7.675504e-01
0.000000e+00 0.000000e+00 0.000000e+00 0.000000e+00 0.000000e+00 0.000000e+00 0.000000e+00 0.000000e+00 0.000000e+00
0.0000000000000000e+00
0
0
10 8
9.819473e-01 -4.068001e-01 1.361936e+01 1.915739e-01 9.997418e-01 -2.699518e+01 1.559654e-04 1.586787e-05 9.999517e-01
0.000000e+00 0.000000e+00 0.000000e+00 0.000000e+00 0.000000e+00 0.000000e+00 0.000000e+00 0.000000e+00 0.000000e+00
0.0000000000000000e+00
0
0
10 9
0.000000e+00 0.000000e+00 0.000000e+00 0.000000e+00 0.000000e+00 0.000000e+00 0.000000e+00 0.000000e+00 0.000000e+00
0.000000e+00 0.000000e+00 0.000000e+00 0.000000e+00 0.000000e+00 0.000000e+00 0.000000e+00 0.000000e+00 0.000000e+00
0.0000000000000000e+00
0
0
10 13
9.535675e-01 4.179615e-01 -4.171354e+01 -1.780280e-01 9.619187e-01 2.993823e+01 -1.589669e-04 -8.355348e-05 1.000000e+00
0.000000e+00 0.000000e+00 0.000000e+00 0.000000e+00 0.000000e+00 0.000000e+00 0.000000e+00 0.000000e+00 0.000000e+00
4.9763033175355448e-01
105
0
11 3
1.044632e+00 3.096006e-01 1.275015e+02 -1.748662e-01 9.733623e-01 1.936472e+01 -2.055186e-04 3.085012e-06 9.774567e-01
0.000000e+00 0.000000e+00 0.000000e+00 0.000000e+00 0.000000e+00 0.000000e+00 0.000000e+00 0.000000e+00 0.000000e+00
0.0000000000000000e+00
0
0
11 4
9.696204e-01 -2.289054e-01 -1.554612e+02 1.790432e-01 9.533053e-01 -5.170192e+01 1.530260e-04 1.381243e-05 9.743116e-01
0.000000e+00 0.000000e+00 0.000000e+00 0.000000e+00 0.000000e+00 0.000000e+00 0.000000e+00 0.000000e+00 0.000000e+00
0.0000000000000000e+00
0
0
12 4
9.535929e-01 4.723777e-01 3.868074e+01 -7.673164e-02 1.021179e+00 -1.869468e+01 -1.259114e-04 -1.721884e-04 9.965082e-01
0.000000e+00 0.000000e+00 0.000000e+00 0.000000e+00 0.000000e+00 0.000000e+00 0.000000e+00 0.000000e+00 0.000000e+00
0.0000000000000000e+00
0
0
12 5
4.999723e-01 -5.326621e-05 -9.520524e-03 -3.258200e-05 4.999876e-01 -1.813121e-02 -3.910580e-08 -1.361832e-07 1.000000e+00
0.000000e+00 0.000000e+00 0.000000e+00 0.000000e+00 0.000000e+00 0.000000e+00 0.000000e+00 0.000000e+00 0.000000e+00
0.0000000000000000e+00
0
0
13 0
8.474945e-01 3.276335e-01 1.464254e+02 -2.014070e-01 9.497323e-01 -4.412369e+00 -2.121774e-04 -6.551977e-05 9.638292e-01
0.000000e+00 0.000000e+00 0.000000e+00 0.000000e+00 0.000000e+00 0.000000e+00 0.000000e+00 0.000000e+00 0.000000e+00
0.0000000000000000e+00
0
0
13 6
4.339635e-01 1.397640e-01 9.346187e+01 -1.017779e-01 5.018346e-01 -9.083779e+00 -1.881472e-04 -2.498223e-05 9.603342e-01
0.000000e+00 0.000000e+00 0.000000e+00 0.000000e+00 0.000000e+00 0.000000e+00 0.000000e+00 0.000000e+00 0.000000e+00
0.0000000000000000e+00
0
0
13 8
9.752795e-01 -2.960981e-01 -2.514190e+02 3.323068e-01 9.563448e-01 -1.000353e+02 2.620489e-04 5.461113e-05 9.306224e-01
0.000000e+00 0.000000e+00 0.000000e+00 0.000000e+00 0.000000e+00 0.000000e+00 0.000000e+00 0.000000e+00 0.000000e+00
0.0000000000000000e+00
0
0
13 10
9.790468e-01 -4.207622e-01 5.343638e+01 1.758966e-01 9.612979e-01 -2.144228e+01 1.703328e-04 1.343250e-05 1.006703e+00
0.000000e+00 0.000000e+00 0.000000e+00 0.000000e+00 0.000000e+00 0.000000e+00 0.000000e+00 0.000000e+00 0.000000e+00
0.0000000000000000e+00
0
0
2243
2 0 0 6 0
2 0 1 6 1
2 0 2 6 2
2 0 3 6 3
2 0 4 6 4
2 0 5 6 5
2 0 6 6 6
2 0 8 6 7
2 0 9 6 8
2 0 10 6 9
2 0 11 6 10
2 0 12 6 11
2 0 13 6 12
2 0 14 6 13
2 0 15 6 14
3 0 16 6 15 13 21
2 0 17 6 16
2 0 18 6 17
2 0 19 6 18
2 0 20 6 19
2 0 21 6 20
2 0 22 6 22
2 0 23 6 23
2 0 24 6 24
2 0 25 6 25
3 0 26 6 26 13 27
2 0 27 6 27
2 0 28 6 29
2 0 29 6 32
2 0 30 6 33
2 0 31 6 34
2 0 32 6 35
2 0 34 6 36
2 0 35 6 37
2 0 36 6 38
2 0 37 6 39
2 0 38 6 40
3 0 39 6 41 13 47
2 0 40 6 42
2 0 42 6 43
2 0 43 6 44
2 0 44 6 45
2 0 45 6 46
2 0 46 6 47
2 0 47 6 49
2 0 48 6 50
3 0 49 6 51 7 55
2 0 52 6 52
2 0 53 6 53
2 0 54 6 54
2 0 55 6 55
2 0 56 6 56
2 0 58 6 57
2 0 59 6 58
2 0 60 6 59
2 0 61 6 60
2 0 62 6 74
2 0 63 6 75
2 0 64 6 62
2 0 65 6 63
2 0 66 6 64
2 0 67 6 65
2 0 68 6 66
3 0 69 6 68 7 71
2 0 70 6 69
2 0 71 6 70
2 0 72 6 71
2 0 74 6 72
3 0 75 6 73 13 90
3 0 76 6 76 7 95
2 0 77 6 77
2 0 78 6 78
2 0 79 6 79
2 0 80 6 80
2 0 81 6 81
2 0 82 6 82
2 0 83 6 83
2 0 84 6 84
2 0 85 6 85
2 0 86 6 86
2 0 87 6 87
2 0 88 6 88
2 0 89 6 89
2 0 91 6 91
2 0 92 6 92
2 0 93 6 93
2 0 94 6 94
2 0 95 6 95
2 0 96 6 96
2 0 97 6 97
2 0 98 6 98
2 0 99 6 99
3 0 100 6 101 7 98
2 0 101 6 102
2 0 102 6 103
2 0 103 6 104
3 0 104 6 105 7 151
2 0 105 6 106
2 0 106 6 107
2 0 107 6 108
2 0 108 6 109
2 0 109 6 112
2 0 110 6 114
2 0 111 6 115
2 0 112 6 116
2 0 113 6 117
2 0 114 6 118
2 0 115 6 119
2 0 116 6 120
3 0 117 6 121 13 165
2 0 118 6 122
2 0 119 6 123
3 0 120 6 124 7 171
3 0 121 6 125 7 173
2 0 122 6 126
3 0 124 6 127 13 171
2 0 125 6 128
2 0 126 6 129
3 0 127 6 131 13 172
2 0 128 6 133
2 0 129 6 134
2 0 130 6 135
2 0 131 6 136
2 0 132 6 137
2 0 133 6 138
2 0 134 6 139
3 0 135 6 140 13 139
6 0 136 6 141 13 138 10 134 2 116 8 112
2 0 137 6 142
2 0 138 6 143
2 0 140 6 144
2 0 141 6 145
2 0 142 6 146
2 0 143 6 149
2 0 144 6 151
2 0 145 6 152
2 0 146 6 153
2 0 147 6 154
3 0 149 6 155 7 157
3 0 150 6 156 7 189
2 0 151 6 157
3 0 152 6 158 7 193
2 0 153 6 159
2 0 154 6 160
2 0 155 6 161
2 0 156 6 162
2 0 157 6 163
3 0 158 6 164 13 161
2 0 159 6 165
2 0 160 6 166
2 0 161 6 167
2 0 162 6 168
2 0 163 6 169
2 0 165 6 171
2 0 166 6 172
2 0 167 6 173
2 0 168 6 174
2 0 169 6 175
2 0 170 6 130
2 0 171 6 176
2 0 172 6 177
2 0 173 6 178
2 0 174 6 179
2 0 175 6 180
3 0 176 6 182 7 221
3 0 177 6 183 7 222
2 0 178 6 184
2 0 179 6 185
2 0 180 6 186
2 0 182 6 187
2 0 183 6 188
2 0 184 6 189
2 0 185 6 190
2 0 186 6 191
2 0 188 6 193
2 0 189 6 194
2 0 190 6 195
2 0 191 13 359
3 0 192 13 360 10 448
2 0 193 6 199
3 0 194 6 200 7 255
2 0 195 6 201
2 0 196 6 202
2 0 197 6 203
2 0 199 6 204
2 0 200 6 150
3 0 201 6 206 7 186
2 0 202 6 208
2 0 204 6 209
2 0 205 6 210
2 0 206 6 211
2 0 207 6 212
2 0 208 6 213
3 0 209 6 214 7 269
2 0 210 6 215
2 0 211 6 217
2 0 212 6 218
3 0 213 6 219 13 216
2 0 215 6 220
2 0 216 6 221
2 0 217 6 222
2 0 218 6 223
2 0 219 7 283
2 0 220 6 224
2 0 221 6 225
3 0 222 6 226 7 204
2 0 223 6 227
2 0 224 6 228
3 0 225 6 229 13 233
2 0 226 6 230
2 0 227 6 231
2 0 228 6 232
2 0 229 6 234
2 0 230 6 235
2 0 231 6 236
3 0 232 6 237 13 238
2 0 233 6 238
2 0 234 6 239
2 0 235 6 240
2 0 237 6 241
2 0 238 6 243
2 0 239 6 244
2 0 241 6 245
2 0 242 6 246
2 0 243 6 247
2 0 244 6 250
2 0 245 6 251
2 0 246 6 252
2 0 247 6 253
2 0 248 6 254
2 0 250 6 255
6 0 251 6 256 13 322 8 261 10 215 2 249
2 0 252 6 258
2 0 253 6 260
2 0 254 6 261
2 0 255 6 262
2 0 257 6 264
3 0 258 6 265 13 265
2 0 259 6 266
2 0 260 6 268
2 0 261 6 267
2 0 262 6 269
2 0 263 6 198
2 0 264 6 270
2 0 265 6 374
2 0 266 6 271
2 0 268 6 274
2 0 269 6 275
3 0 270 6 276 7 257
2 0 273 6 277
2 0 274 6 278
2 0 275 6 279
2 0 276 6 281
2 0 277 6 282
3 0 278 6 284 7 338
2 0 279 6 286
2 0 280 6 287
2 0 282 6 288
2 0 283 6 289
2 0 284 6 290
2 0 285 6 293
3 0 286 6 294 7 345
2 0 289 6 296
2 0 290 6 297
3 0 291 6 298 13 392
2 0 292 6 299
3 0 293 6 397 13 283
2 0 295 6 300
2 0 296 6 301
2 0 297 6 403
2 0 298 6 303
2 0 300 6 409
3 0 301 6 413 13 289
2 0 302 6 305
2 0 303 6 306
3 0 304 6 307 13 215
2 0 305 6 308
2 0 306 6 311
2 0 307 6 312
2 0 308 6 313
2 0 309 6 314
3 0 311 6 421 13 541
2 0 312 6 316
2 0 313 6 317
2 0 314 6 318
2 0 315 6 319
2 0 317 6 320
2 0 318 6 321
2 0 319 6 423
2 0 320 6 323
2 0 321 6 324
2 0 322 6 325
2 0 323 6 326
2 0 324 6 327
2 0 326 6 328
2 0 327 6 330
2 0 328 6 438
2 0 329 6 331
2 0 330 6 332
2 0 331 6 333
2 0 333 6 335
2 0 334 6 337
2 0 335 6 338
2 0 336 6 339
2 0 337 6 340
2 0 338 6 341
2 0 339 6 342
2 0 340 6 343
2 0 341 6 344
2 0 342 6 345
3 0 343 6 346 7 367
2 0 344 6 446
2 0 345 6 347
2 0 346 6 348
2 0 348 6 350
3 0 349 6 351 13 237
2 0 350 6 352
2 0 351 6 353
3 0 352 6 354 13 246
2 0 354 6 355
2 0 355 6 356
2 0 356 6 357
2 0 357 6 453
2 0 358 6 359
2 0 362 6 361
2 0 363 13 454
2 0 364 6 363
3 0 366 6 364 13 338
2 0 367 6 365
2 0 368 6 366
3 0 369 6 368 7 324
2 0 370 6 370
3 0 371 6 371 7 327
2 0 373 6 372
3 0 375 6 373 7 332
2 0 376 6 375
2 0 377 6 376
3 0 378 6 377 13 348
3 0 379 6 378 13 351
3 0 380 6 379 13 349
3 0 381 6 380 13 350
2 0 382 6 381
3 0 383 6 382 13 274
2 0 384 6 383
2 0 385 6 283
2 0 387 6 285
2 0 388 6 385
2 0 390 6 387
2 0 391 6 388
2 0 392 6 291
2 0 393 6 292
2 0 394 6 389
2 0 395 6 390
2 0 396 6 392
2 0 397 6 391
2 0 398 6 393
3 0 399 6 489 13 370
2 0 400 6 394
2 0 401 6 395
2 0 402 6 396
2 0 403 6 398
2 0 404 6 399
2 0 405 6 401
2 0 406 6 402
2 0 407 13 515
2 0 408 6 404
2 0 409 6 405
3 0 410 6 406 13 380
2 0 411 6 407
2 0 412 6 411
3 0 413 6 410 7 357
2 0 415 6 414
2 0 416 6 415
2 0 417 6 416
2 0 418 6 417
2 0 420 6 418
3 0 421 6 419 13 534
2 0 422 6 420
2 0 423 6 309
2 0 424 6 315
2 0 426 6 322
2 0 427 6 424
2 0 428 6 425
2 0 429 6 532
2 0 431 6 426
3 0 433 6 427 13 411
2 0 434 6 429
3 0 435 6 430 7 348
2 0 437 6 431
2 0 438 6 432
2 0 439 6 435
2 0 440 6 436
2 0 441 6 440
2 0 442 6 439
2 0 443 6 441
2 0 444 6 554
3 0 445 6 442 13 560
2 0 446 6 443
2 0 447 6 556
2 0 449 6 557
4 0 450 6 449 7 390 13 307
2 0 452 6 569
2 0 453 6 450
2 0 454 6 572
2 0 455 6 451
2 0 456 6 452
2 0 457 6 454
2 0 460 6 455
2 0 461 6 456
3 0 462 6 457 13 601
2 0 463 6 459
2 0 464 6 460
2 0 466 6 463
2 0 468 6 464
2 0 471 6 469
2 0 472 6 595
2 0 473 6 596
2 0 475 6 470
2 0 476 6 471
3 0 478 6 473 7 462
2 0 479 6 474
3 0 483 6 475 7 403
2 0 484 6 477
2 0 486 6 731
2 0 487 6 478
2 0 488 6 479
2 0 489 6 480
2 0 491 6 482
2 0 492 6 483
2 0 493 6 603
2 0 494 6 384
2 0 495 6 484
2 0 497 6 607
2 0 498 6 486
2 0 499 6 613
2 0 501 6 487
2 0 502 6 490
2 0 503 6 491
2 0 504 6 492
2 0 505 6 494
2 0 506 6 493
2 0 507 6 400
2 0 508 6 496
2 0 509 6 497
3 0 510 6 498 13 377
2 0 511 6 499
2 0 515 6 412
2 0 516 6 500
2 0 517 6 501
2 0 518 6 502
2 0 519 6 505
2 0 520 6 506
2 0 521 6 507
2 0 524 6 508
3 0 525 6 510 13 711
3 0 526 6 648 13 941
2 0 527 6 511
2 0 528 6 512
2 0 531 6 515
2 0 532 6 516
2 0 533 6 517
2 0 534 6 521
2 0 535 6 422
2 0 536 6 522
2 0 537 6 523
3 0 538 6 524 13 718
2 0 539 6 525
2 0 540 6 527
2 0 541 6 528
2 0 542 6 529
2 0 543 6 530
2 0 544 6 531
2 0 545 6 533
2 0 546 6 534
2 0 547 6 536
2 0 548 6 537
2 0 549 6 538
2 0 550 6 539
2 0 551 6 540
2 0 552 6 542
2 0 553 6 543
2 0 554 6 544
2 0 555 6 545
2 0 556 6 546
3 0 558 6 548 13 297
2 0 560 6 686
2 0 562 6 551
2 0 563 6 555
2 0 565 6 697
2 0 566 6 558
2 0 567 6 447
2 0 568 6 559
2 0 569 6 560
2 0 570 6 561
2 0 571 6 563
2 0 572 6 564
2 0 573 6 565
3 0 574 6 704 13 1029
3 0 575 6 705 13 1030
2 0 576 6 566
2 0 577 6 567
2 0 579 6 568
2 0 580 6 707
2 0 581 6 570
2 0 582 6 571
2 0 583 6 573
2 0 584 6 574
2 0 585 6 576
2 0 586 6 577
2 0 587 6 578
2 0 588 6 579
2 0 589 6 580
2 0 590 6 581
3 0 591 6 584 13 798
2 0 592 6 585
2 0 593 6 586
2 0 594 6 587
2 0 595 6 588
2 0 596 6 589
2 0 597 6 593
2 0 598 6 594
2 0 601 6 599
2 0 604 6 602
2 0 608 6 604
2 0 609 6 605
2 0 610 6 606
2 0 613 6 609
2 0 614 6 736
2 0 615 6 610
2 0 616 6 611
2 0 617 6 612
4 0 619 6 615 13 671 10 838
2 0 621 6 617
2 0 623 13 895
2 0 624 6 622
4 0 625 6 623 13 908 10 848
2 0 627 6 625
2 0 628 6 626
2 0 629 6 627
2 0 630 6 628
2 0 631 6 629
2 0 632 6 630
2 0 633 6 631
2 0 634 6 632
2 0 635 6 633
2 0 637 6 634
2 0 639 6 635
2 0 640 6 636
2 0 642 6 637
2 0 644 6 782
2 0 645 6 638
2 0 647 6 639
2 0 650 6 643
2 0 651 6 644
2 0 652 6 645
2 0 653 6 646
3 0 656 6 647 13 945
2 0 661 6 656
2 0 662 6 657
3 0 663 6 658 13 969
2 0 665 6 662
2 0 666 6 663
2 0 668 6 666
2 0 669 6 667
2 0 670 6 668
2 0 672 6 669
2 0 673 6 670
3 0 674 6 671 13 724
3 0 675 6 672 13 725
2 0 676 6 673
2 0 677 6 674
2 0 678 6 675
2 0 680 6 676
3 0 681 6 677 13 502
2 0 682 6 678
2 0 683 6 679
2 0 684 6 680
3 0 685 6 681 13 977
3 0 687 6 684 13 512
2 0 689 6 685
2 0 693 6 688
2 0 694 6 689
2 0 695 6 690
2 0 696 6 692
2 0 697 6 818
2 0 698 6 693
2 0 699 6 694
2 0 700 6 695
2 0 703 6 698
2 0 704 6 699
2 0 705 6 700
2 0 706 6 702
2 0 707 6 703
2 0 709 6 706
2 0 711 6 834
2 0 712 6 708
2 0 713 6 836
2 0 714 6 837
2 0 715 6 711
2 0 717 6 713
2 0 719 6 715
2 0 720 6 716
2 0 721 6 719
2 0 722 6 720
2 0 724 6 725
2 0 725 6 728
2 0 726 6 600
2 0 727 6 730
2 0 728 6 732
2 0 729 6 733
2 0 730 6 734
2 0 732 6 870
2 0 733 6 735
2 0 734 6 739
2 0 735 6 738
2 0 736 6 876
2 0 737 6 740
2 0 738 6 741
2 0 739 6 742
2 0 740 6 745
2 0 741 6 743
2 0 742 6 744
2 0 744 6 747
4 0 747 6 748 13 1138 10 1186
2 0 748 6 881
3 0 749 6 751 13 1150
2 0 751 6 755
2 0 752 6 884
2 0 753 6 885
2 0 756 6 758
2 0 757 6 760
2 0 758 6 761
2 0 759 6 764
2 0 760 6 765
2 0 763 6 769
2 0 764 6 770
2 0 765 6 892
2 0 767 6 772
2 0 768 6 773
2 0 771 6 897
2 0 774 13 929
3 0 775 6 785 13 655
2 0 776 6 642
2 0 777 6 787
2 0 778 6 788
3 0 779 6 898 13 1207
2 0 783 6 793
2 0 784 6 794
2 0 786 6 795
3 0 788 6 798 13 958
2 0 790 6 800
2 0 791 6 801
2 0 793 6 804
2 0 794 6 805
2 0 795 6 806
2 0 796 6 807
2 0 797 6 908
2 0 799 6 811
3 0 800 6 812 13 674
2 0 803 6 817
2 0 804 6 819
2 0 806 6 820
2 0 807 6 821
2 0 808 6 822
2 0 809 6 823
2 0 810 6 824
2 0 811 6 825
2 0 813 6 827
2 0 814 6 830
2 0 815 6 831
2 0 817 6 832
2 0 818 6 935
2 0 819 6 936
2 0 822 6 835
2 0 824 6 838
2 0 825 6 940
2 0 826 6 842
2 0 827 6 844
2 0 829 6 852
2 0 832 6 855
3 0 833 6 856 13 1059
2 0 835 6 862
2 0 836 13 1415
2 0 837 6 865
2 0 838 6 866
2 0 840 6 867
2 0 841 6 868
2 0 843 6 871
2 0 845 6 877
2 0 846 6 878
2 0 849 6 880
2 0 850 6 879
2 0 852 6 886
3 0 854 6 888 13 1106
2 0 856 6 890
2 0 857 6 891
2 0 861 6 895
2 0 862 6 896
2 0 868 6 900
2 0 870 6 903
2 0 873 6 904
2 0 876 6 906
2 0 878 6 910
2 0 880 6 911
2 0 881 6 912
2 0 883 6 918
2 0 885 6 920
2 0 886 6 927
2 0 887 6 928
2 0 888 6 929
2 0 889 6 931
2 0 891 6 828
2 0 895 6 833
2 0 896 6 933
2 0 897 6 934
2 0 899 6 938
4 0 904 13 1339 10 1389 8 2161
2 0 911 6 851
2 0 922 13 1872
3 0 923 13 1873 10 3098
2 0 924 13 1875
2 0 926 6 873
2 0 946 6 901
2 0 960 6 923
2 0 1035 13 2629
3 2 32 8 15 10 10
2 2 61 10 76
2 2 62 9 40
2 2 86 9 57
5 2 120 8 160 9 112 10 105 3 88
2 2 123 8 165
2 2 133 9 82
4 2 148 9 202 3 195 11 135
3 2 149 3 156 10 124
2 2 152 9 151
3 2 156 8 158 9 111
2 2 160 8 222
2 2 172 8 163
3 2 184 3 137 9 130
4 2 185 9 131 3 138 11 115
2 2 191 8 122
2 2 196 8 201
4 2 198 3 262 8 197 9 270
4 2 200 3 263 8 198 9 271
2 2 206 9 155
5 2 207 8 297 9 156 10 240 13 270
3 2 208 8 153 10 102
2 2 209 9 228
3 2 210 8 215 9 295
2 2 211 9 159
2 2 228 8 225
4 2 229 8 318 9 186 3 171
3 2 237 8 241 9 232
2 2 250 8 262
2 2 258 8 353
2 2 263 8 265
2 2 265 8 200
4 2 270 8 278 9 277 3 369
2 2 276 9 226
2 2 277 9 283
4 2 278 8 296 10 238 13 268
2 2 280 8 384
3 2 281 8 385 10 321
2 2 306 9 296
2 2 309 9 229
3 2 313 9 308 3 229
2 2 332 8 234
5 2 347 8 450 9 346 10 279 3 456
3 2 350 3 474 9 437
5 2 354 9 349 10 286 3 343 8 455
4 2 357 8 347 9 354 3 345
4 2 362 8 369 9 350 3 340
5 2 363 3 341 8 370 10 305 9 269
3 2 371 8 282 10 225
2 2 372 8 283
2 2 375 10 227
3 2 381 9 386 3 564
2 2 382 9 387
3 2 387 8 485 9 389
2 2 388 9 390
2 2 399 9 533
2 2 402 9 293
2 2 411 8 390
2 2 412 3 224
3 2 417 9 401 3 403
4 2 418 3 291 8 533 9 399
2 2 427 8 405
2 2 430 8 314
2 2 433 8 407
2 2 436 8 414
2 2 444 9 583
2 2 453 9 423
2 2 456 9 425
2 2 457 8 461
4 2 465 8 611 9 433 10 363
3 2 466 9 341 3 325
2 2 468 9 426
2 2 471 8 466
2 2 472 9 430
4 2 475 8 352 3 627 10 280
2 2 477 9 441
2 2 489 9 668
2 2 496 8 481
2 2 500 9 467
3 2 505 8 681 9 484
2 2 529 9 711
2 2 530 9 712
2 2 532 9 933
5 2 540 3 395 8 738 9 392 10 608
2 2 551 8 534
4 2 553 3 408 8 537 9 530
2 2 556 9 404
3 2 579 8 562 10 491
4 2 585 9 544 3 588 11 487
4 2 604 8 599 10 505 13 403
2 2 616 8 453
7 2 623 8 614 9 794 10 503 3 1096 4 396 11 674
3 2 626 8 612 9 435
4 2 631 8 617 9 799 3 1105
3 2 663 8 916 10 1023
4 2 667 8 919 10 1031 13 814
4 2 668 8 920 10 1032 13 815
4 2 671 8 922 10 744 13 811
3 2 672 8 928 9 449
3 2 673 8 685 9 621
4 2 675 8 915 9 458 10 735
3 2 679 8 678 10 737
2 2 683 9 892
2 2 685 8 923
2 2 692 9 690
3 2 693 8 931 10 1021
2 2 701 10 1036
4 2 706 8 702 9 502 10 751
2 2 712 9 675
2 2 722 9 935
2 2 725 9 937
2 2 726 9 938
4 2 740 3 548 8 968 10 798
3 2 749 8 757 10 623
3 2 753 3 565 9 532
2 2 755 8 721
3 2 757 8 986 9 714
3 2 758 9 715 8 987
2 2 769 8 729
2 2 771 8 530
3 2 785 8 831 10 688
4 2 786 9 1223 10 1251 3 1268
4 2 789 8 840 10 951 13 1032
3 2 817 9 773 3 793
7 2 819 3 806 9 1050 11 677 4 400 5 263 12 273
3 2 831 8 836 10 919
3 2 849 9 1061 3 1400
2 2 871 8 1183
5 2 872 8 659 9 818 3 1162 4 925
2 2 878 8 668
2 2 916 9 871
4 2 917 9 872 10 1047 3 876
4 2 921 8 1245 9 669 10 1049
2 2 927 8 942
3 2 928 9 884 10 1059
2 2 938 9 893
3 2 939 8 921 9 928
3 2 954 8 1290 9 918
3 2 965 3 716 9 915
2 2 966 8 975
2 2 967 9 926
2 2 973 9 940
2 2 979 8 737
2 2 981 8 736
3 2 992 9 949 3 747
2 2 1015 9 1055
3 2 1017 8 1489 10 1743
3 2 1024 9 1056 3 1098
3 2 1026 9 1007 3 1342
2 2 1032 8 1124
3 2 1054 8 1495 10 1753
2 2 1055 9 1046
2 2 1070 9 1053
2 2 1073 9 1040
2 2 1083 9 1011
2 2 1087 8 1506
2 2 1090 9 1049
3 2 1093 8 1136 10 933
3 2 1105 9 1071 3 1406
5 2 1107 9 1067 8 1162 10 957 3 1100
3 2 1124 8 1604 10 1875
4 2 1129 9 841 3 674 11 447
4 2 1130 8 1206 10 1408 13 1360
4 2 1131 8 1207 10 1409 13 1361
3 2 1132 10 1419 8 1610
5 2 1141 8 1613 9 1094 10 1892 13 1786
4 2 1142 8 1618 9 823 13 1364
5 2 1148 3 649 8 1623 9 831 10 1891
2 2 1242 9 917
3 2 1245 10 1517 8 1301
2 2 1246 9 912
3 2 1253 8 1314 10 1559
3 2 1255 3 925 9 924
2 2 1288 8 1463
3 2 1356 8 1474 10 1258
2 2 1364 9 1339
2 2 1370 9 1000
2 2 1380 9 1353
2 2 1398 9 1360
2 2 1431 9 1391
3 2 1436 9 1415 3 2191
3 2 1460 9 1082 8 2160
4 2 1475 9 1389 10 1418 8 2190
2 2 1519 9 1477
2 2 1528 9 1141
2 2 1543 10 1966
2 2 1544 10 2893
3 2 1553 9 1498 3 1545
2 2 1556 9 1500
2 2 1563 9 1554
3 2 1565 9 1556 8 1622
4 2 1632 10 2240 8 2512 13 2105
2 2 1633 8 2516
3 2 1634 10 3496 8 2518
3 2 1653 8 2663 10 1307
2 2 1660 8 2680
3 2 1661 8 2681 10 3659
2 2 1685 8 1921
3 2 1701 10 3695 8 2706
3 2 1702 8 2707 10 3696
3 2 1746 10 2384 8 2743
2 2 1773 9 1730
3 2 1781 8 2753 10 2365
2 2 1782 9 1692
3 2 1788 8 2010 10 2435
2 2 1794 9 1349
2 2 1824 9 351
2 2 1833 10 1733
7 2 1835 3 1807 4 1078 10 1289 12 705 8 2000 5 726
2 2 1838 10 1298
2 2 1839 9 2602
5 2 1842 3 1802 9 1795 8 2009 13 1251
5 2 1845 9 1786 3 2500 8 2844 10 2363
2 2 1846 9 1787
2 2 1849 9 1810
2 2 1850 9 1811
5 2 1851 3 1795 8 2027 9 1789 4 1062
6 2 1852 3 1810 8 2013 9 1819 10 1716 13 1241
2 2 1870 8 3056
3 2 1871 8 3057 13 2396
2 2 1945 9 3012
2 2 1953 10 1880
2 2 1975 8 2251
2 2 1984 9 1473
3 2 1991 8 3473 9 2096
2 2 2031 9 1510
2 2 2036 9 1511
3 2 2048 8 1627 9 2258
3 2 2051 8 1629 9 2259
2 2 2053 9 2221
2 2 2077 9 1525
3 2 2078 8 2346 10 3063
2 2 2079 8 2348
2 2 2129 9 3797
2 2 2154 8 4038
2 2 2156 8 2513
2 2 2157 8 2514
2 2 2173 9 1576
2 2 2174 8 2605
3 2 2194 8 4309 10 3653
2 2 2196 8 4311
2 2 2200 8 2678
3 2 2208 8 2689 10 3666
3 2 2209 8 2690 10 3667
3 2 2251 8 2718 10 3719
2 2 2308 8 4452
2 2 2321 10 3773
2 2 2330 9 2526
2 2 2338 9 1653
2 2 2343 8 4444
2 2 2345 8 4505
2 2 2346 8 4506
2 2 2374 3 2534
3 2 2375 9 2556 8 1952
5 2 2395 3 2491 9 2566 10 2347 8 4578
6 2 2396 3 2490 8 2827 9 2565 10 2353 13 1597
5 2 2402 3 2498 9 2570 8 2831 10 2351
6 2 2403 3 2499 9 2571 8 2832 10 2352 13 1594
7 2 2404 9 2576 10 2359 3 2505 8 2836 13 2147 4 1473
2 2 2406 9 2575
4 2 2407 3 1806 8 2015 13 1253
7 2 2410 3 1796 8 2026 9 2577 4 1064 10 1744 13 1607
2 2 2574 9 1845
2 2 2575 9 1846
2 2 2606 10 2738
2 2 2789 8 3592
2 2 2812 9 2222
2 2 2848 9 2230
2 2 2977 3 3975
3 2 2994 9 2277 3 2292
2 2 3004 8 4211
2 2 3007 9 3821
2 2 3109 8 4418
2 2 3110 10 3744
2 2 3111 10 3745
2 2 3129 9 4099
2 2 3144 9 2356
2 2 3145 9 2357
2 2 3156 9 2370
2 2 3183 8 4461
3 2 3228 9 2567 3 2492
2 3 25 11 15
2 3 36 11 30
2 3 48 9 47
3 3 50 9 51 11 59
2 3 51 11 58
2 3 58 11 95
2 3 60 9 55
2 3 90 11 109
2 3 113 11 74
2 3 119 9 67
4 3 120 9 104 11 78 8 103
3 3 133 9 118 11 120
2 3 134 11 209
2 3 151 11 102
2 3 159 9 212
3 3 160 9 110 11 141
3 3 161 9 163 11 138
2 3 169 11 206
2 3 170 9 167
2 3 175 9 175
2 3 194 9 266
2 3 196 11 136
2 3 201 11 179
2 3 202 11 180
2 3 205 9 278
2 3 206 9 279
2 3 214 11 183
2 3 215 9 158
2 3 232 11 207
2 3 235 11 155
2 3 244 11 233
2 3 249 9 340
2 3 253 11 236
5 3 257 11 424 4 232 5 205 12 214
2 3 261 11 340
2 3 276 11 181
2 3 286 9 395
2 3 297 11 292
2 3 298 11 296
3 3 300 9 224 11 295
2 3 313 9 327
2 3 329 9 343
2 3 330 9 344
2 3 337 11 332
2 3 344 11 337
2 3 351 4 243
2 3 358 9 365
3 3 360 11 263 4 196
3 3 378 9 377 11 248
2 3 399 11 377
2 3 407 9 225
4 3 429 9 546 11 384 4 280
2 3 433 11 305
2 3 441 9 581
2 3 468 11 547
3 3 472 9 353 11 439
4 3 476 4 311 9 439 11 441
3 3 477 4 312 9 440
2 3 485 9 468
4 3 495 11 449 4 428 12 398
2 3 519 9 496
2 3 520 9 497
2 3 528 11 450
2 3 553 9 371
2 3 567 9 535
2 3 593 9 553
3 3 596 9 565 11 497
2 3 600 11 405
2 3 602 10 475
3 3 609 9 572 11 536
2 3 613 4 179
2 3 621 9 587
3 3 622 9 580 11 551
2 3 624 9 584
2 3 630 9 605
2 3 643 11 687
2 3 666 9 812
2 3 673 11 446
2 3 676 9 610
2 3 698 9 1178
2 3 703 10 1086
2 3 704 10 1085
2 3 707 9 696
2 3 711 11 594
2 3 720 11 598
2 3 727 9 927
2 3 754 11 637
2 3 766 11 528
2 3 769 9 743
2 3 779 11 653
2 3 783 9 786
6 3 789 9 771 11 660 10 489 8 589 13 393
2 3 803 9 577
2 3 805 11 542
4 3 809 9 792 11 423 4 228
2 3 810 9 788
2 3 817 9 808
2 3 834 9 1106
2 3 843 9 611
2 3 867 9 810
2 3 886 9 1166
2 3 887 9 1167
2 3 905 9 903
3 3 907 4 439 11 710
2 3 910 9 879
3 3 914 9 887 11 907
2 3 915 11 719
3 3 916 9 680 11 716
2 3 917 9 681
2 3 923 9 900
3 3 924 9 925 11 580
2 3 930 9 694
2 3 935 11 922
2 3 953 9 1224
2 3 959 11 603
2 3 960 11 604
2 3 962 9 1229
2 3 970 9 961
2 3 979 9 964
2 3 998 11 768
2 3 1030 9 993
2 3 1036 9 985
2 3 1065 9 1016
2 3 1074 11 825
3 3 1080 9 1033 11 843
2 3 1086 9 1034
5 3 1090 11 860 4 525 12 371 5 351
2 3 1091 9 1059
5 3 1092 4 670 5 435 11 861 12 462
3 3 1099 11 870 4 877
2 3 1104 9 1070
2 3 1140 11 695
2 3 1175 11 1089
2 3 1196 4 573
3 3 1197 9 1521 11 709
2 3 1198 4 575
2 3 1206 9 1480
2 3 1219 9 904
2 3 1225 9 906
2 3 1252 9 1222
2 3 1259 9 2295
3 3 1305 8 1393 10 1195
2 3 1308 11 999
2 3 1343 9 1284
2 3 1366 9 1303
2 3 1369 9 1311
2 3 1371 9 1309
2 3 1372 9 1310
2 3 1385 4 836
2 3 1386 11 850
4 3 1387 4 839 5 700 12 688
2 3 1396 9 1351
2 3 1399 9 1048
2 3 1407 9 1072
2 3 1438 9 1401
2 3 1440 9 1961
2 3 1480 11 1085
2 3 1494 9 1478
2 3 1495 9 1476
2 3 1520 4 911
2 3 1547 9 1515
2 3 1560 8 1336
2 3 1606 9 1195
2 3 1631 9 3872
3 3 1663 11 1136 4 1381
2 3 1730 9 2412
4 3 1775 4 832 5 696 12 856
3 3 1779 8 4435 9 2547
2 3 1799 8 2853
3 3 1804 9 1800 10 1290
2 3 1805 9 1793
2 3 1821 9 1361
2 3 1838 9 2808
2 3 1877 10 2714
2 3 1955 9 2983
2 3 1959 9 2988
3 3 1965 9 1837 11 1359
2 3 2076 9 2104
2 3 2110 9 2142
2 3 2111 9 2143
2 3 2122 9 2127
2 3 2144 9 2153
2 3 2182 9 3611
2 3 2185 9 3618
2 3 2218 8 3680
2 3 2231 9 2223
3 3 2249 4 930 12 770
2 3 2250 4 928
2 3 2259 9 1488
2 3 2262 8 541
2 3 2291 9 2276
2 3 2458 9 2532
2 3 2496 9 1768
2 3 2497 9 1769
5 3 2502 4 1063 9 1785 10 2348 13 1592
2 3 2783 9 2878
2 3 3202 11 1222
2 3 3203 9 3118
2 3 4014 9 3856
2 3 4119 9 3918
2 3 4190 9 4073
2 3 4308 8 4194
2 3 4358 9 2554
2 3 4361 8 2696
4 3 4369 4 1466 8 4583 10 3689
2 3 4372 10 3679
3 3 4374 8 4576 10 3673
3 3 4375 10 3674 8 4577
2 3 4386 4 2104
2 3 4396 9 1792
2 3 4436 9 4166
3 4 11 5 3 12 3
3 4 67 5 55 12 57
2 4 85 12 54
3 4 107 5 100 12 99
4 4 113 5 107 11 139 12 107
3 4 116 5 148 12 147
4 4 127 5 120 11 174 12 118
3 4 136 5 129 12 128
3 4 137 5 130 12 129
2 4 140 12 175
2 4 219 11 532
3 4 225 5 202 12 210
2 4 234 11 335
4 4 236 5 208 11 336 12 217
2 4 256 11 356
3 4 257 5 229 12 234
3 4 258 5 296 12 235
2 4 284 11 391
3 4 298 5 258 12 362
3 4 308 5 209 12 218
4 4 313 5 212 11 345 12 286
2 4 325 5 381
4 4 328 11 462 12 230 5 291
3 4 347 5 310 12 335
3 4 370 5 321 12 351
3 4 383 5 201 12 209
3 4 391 5 349 12 369
3 4 410 5 271 12 282
2 4 412 5 273
2 4 414 11 433
3 4 423 5 462 12 492
3 4 425 5 373 12 302
2 4 430 5 384
2 4 450 12 336
2 4 467 5 401
3 4 474 5 403 12 418
3 4 477 5 404 12 419
3 4 484 5 408 12 422
2 4 499 11 833
2 4 504 5 335
2 4 516 11 849
3 4 517 5 433 12 460
2 4 555 11 559
3 4 574 5 479 12 513
2 4 657 11 646
3 4 672 5 543 12 570
3 4 677 12 467 5 353
4 4 687 5 561 11 876 12 591
2 4 690 5 764
3 4 696 5 776 12 739
2 4 699 5 775
2 4 701 12 495
3 4 722 12 633 5 611
2 4 725 11 578
3 4 783 5 668 12 662
3 4 784 5 669 12 663
3 4 787 5 676 12 669
2 4 795 12 543
2 4 796 11 975
2 4 798 5 693
3 4 837 12 686 5 698
2 4 838 12 693
3 4 841 5 710 12 696
3 4 858 5 542 12 568
3 4 865 5 728 12 709
3 4 869 5 554 12 581
3 4 883 11 1065 12 724
3 4 889 5 769 12 734
2 4 892 5 770
2 4 893 12 737
2 4 896 11 880
2 4 898 11 1070
2 4 908 12 749
2 4 929 12 769
2 4 993 5 664
2 4 995 12 816
2 4 1036 5 703
2 4 1048 12 1110
3 4 1066 12 697 5 718
2 4 1069 12 699
2 4 1072 12 1121
2 4 1084 12 869
2 4 1085 12 870
2 4 1094 12 884
2 4 1108 12 1153
2 4 1109 12 1154
2 4 1118 12 1181
2 4 1146 12 942
2 4 1147 12 943
2 4 1246 12 991
2 4 1250 5 623
2 4 1258 11 1244
2 4 1276 12 1532
2 4 1291 12 1542
2 4 1397 12 821
2 4 1400 12 1082
2 4 1402 12 830
2 4 1414 12 1630
2 4 1456 12 1687
2 4 1460 12 1697
2 4 1487 12 1122
2 4 1511 12 1136
2 4 1512 12 1137
2 4 1538 12 1826
2 4 1541 12 1835
2 4 1547 12 1855
2 4 1548 12 1191
2 4 1552 12 1196
2 4 1570 12 1198
2 4 1929 12 1078
2 4 2026 12 1089
2 4 2129 12 1750
2 4 2147 12 1764
2 4 2148 12 1763
2 4 2164 12 1766
2 4 2175 12 1786
2 4 2226 12 1852
2 4 2240 12 1197
2 5 0 12 0
2 5 1 12 1
2 5 2 12 2
2 5 4 12 4
2 5 5 12 5
2 5 6 12 6
2 5 7 12 7
2 5 8 12 8
2 5 9 12 9
2 5 10 12 10
2 5 11 12 11
2 5 12 12 12
2 5 13 12 13
2 5 14 12 14
2 5 15 12 15
2 5 16 12 16
2 5 17 12 17
2 5 18 12 18
2 5 19 12 19
2 5 20 12 20
2 5 21 12 21
2 5 22 12 22
2 5 23 12 23
2 5 24 12 24
2 5 25 12 25
2 5 26 12 26
2 5 27 12 27
2 5 28 12 28
2 5 29 12 29
2 5 30 12 30
2 5 31 12 31
2 5 32 12 32
2 5 33 12 33
2 5 34 12 34
2 5 35 12 35
2 5 36 12 36
2 5 37 12 37
2 5 38 12 38
2 5 39 12 39
2 5 40 12 40
2 5 41 12 42
2 5 42 12 43
2 5 43 12 44
2 5 44 12 45
2 5 45 12 46
2 5 46 12 48
2 5 47 12 49
2 5 48 12 50
2 5 49 12 51
2 5 50 12 52
2 5 51 12 53
2 5 53 12 55
2 5 54 12 56
2 5 56 12 58
2 5 57 12 59
2 5 58 12 41
2 5 59 12 60
2 5 60 12 62
2 5 61 12 63
2 5 62 12 64
2 5 63 12 65
2 5 64 12 66
2 5 65 12 67
2 5 66 12 68
2 5 67 12 69
2 5 68 12 70
2 5 69 12 71
2 5 70 12 72
2 5 71 12 73
2 5 72 12 74
2 5 73 12 75
2 5 75 12 76
2 5 77 12 78
2 5 78 12 79
2 5 80 12 80
2 5 82 12 81
2 5 83 12 82
2 5 84 12 83
2 5 85 12 84
2 5 86 12 85
2 5 87 12 87
2 5 89 12 88
2 5 90 12 89
2 5 92 12 91
2 5 93 12 92
2 5 94 12 93
2 5 95 12 94
2 5 96 12 95
2 5 97 12 96
2 5 98 12 97
2 5 99 12 98
2 5 103 12 101
2 5 104 12 125
2 5 109 12 108
2 5 110 12 109
2 5 111 12 110
2 5 112 12 111
2 5 113 12 112
2 5 114 12 113
2 5 115 12 142
2 5 116 12 114
2 5 117 12 115
2 5 118 12 116
2 5 119 12 117
2 5 121 12 119
2 5 122 12 120
2 5 123 12 122
2 5 124 12 123
2 5 125 12 102
2 5 126 12 124
2 5 127 12 126
2 5 128 12 127
2 5 132 12 134
2 5 133 12 135
2 5 134 12 136
2 5 135 12 137
2 5 136 12 138
2 5 139 12 140
2 5 143 12 143
2 5 144 12 144
2 5 146 12 145
2 5 147 12 146
2 5 149 12 190
2 5 150 12 149
2 5 151 12 150
2 5 152 12 191
2 5 154 12 151
2 5 155 12 152
2 5 156 12 153
2 5 157 12 154
2 5 158 12 155
2 5 160 12 158
2 5 161 12 159
2 5 162 12 160
2 5 163 12 161
2 5 164 12 121
2 5 166 12 164
2 5 168 12 165
2 5 169 12 167
2 5 170 12 170
2 5 171 12 130
2 5 172 12 173
2 5 173 12 174
2 5 174 12 176
2 5 175 12 177
2 5 176 12 178
2 5 177 12 179
2 5 178 12 180
2 5 179 12 181
2 5 180 12 182
2 5 181 12 183
2 5 182 12 184
2 5 183 12 185
2 5 184 12 187
2 5 185 12 188
2 5 187 12 244
2 5 188 12 189
2 5 190 12 192
2 5 191 12 195
2 5 192 12 196
2 5 193 12 197
2 5 194 12 199
2 5 195 12 201
2 5 196 12 202
2 5 197 12 203
2 5 198 12 204
2 5 199 12 205
2 5 200 12 208
2 5 203 12 211
2 5 204 12 212
2 5 206 12 216
2 5 207 12 275
2 5 210 12 220
2 5 211 12 221
2 5 213 12 287
2 5 215 12 222
2 5 217 12 224
2 5 218 12 225
2 5 219 12 226
2 5 220 12 227
2 5 221 12 228
2 5 222 12 171
2 5 223 12 172
2 5 225 12 229
2 5 226 12 311
2 5 227 12 231
2 5 228 12 233
2 5 230 12 313
2 5 231 12 314
2 5 232 12 236
2 5 233 12 237
2 5 234 12 318
2 5 235 12 319
2 5 236 12 238
2 5 237 12 186
2 5 238 12 239
2 5 239 12 245
2 5 240 12 246
2 5 241 12 248
2 5 242 12 193
2 5 244 12 249
2 5 245 12 198
2 5 246 12 253
2 5 247 12 251
2 5 248 12 254
2 5 249 12 255
2 5 250 12 256
2 5 251 12 257
2 5 252 12 258
2 5 253 12 259
2 5 255 12 261
2 5 256 12 264
2 5 257 12 265
2 5 259 12 363
2 5 260 12 269
2 5 261 12 270
2 5 262 12 271
2 5 267 12 277
2 5 268 12 278
2 5 269 12 279
2 5 272 12 283
2 5 274 12 284
2 5 275 12 285
2 5 276 12 290
2 5 277 12 292
2 5 278 12 293
2 5 279 12 295
2 5 280 12 296
2 5 281 12 297
2 5 282 12 298
2 5 283 12 299
2 5 284 12 300
2 5 285 12 301
2 5 288 12 306
2 5 293 12 312
2 5 297 12 315
2 5 298 12 316
2 5 300 12 322
2 5 302 12 242
2 5 303 12 243
2 5 304 12 324
2 5 306 12 327
2 5 307 12 329
2 5 308 12 247
2 5 309 12 333
2 5 311 12 338
2 5 312 12 339
2 5 313 12 344
2 5 314 12 345
2 5 315 12 346
2 5 317 12 347
2 5 318 12 348
2 5 319 12 349
2 5 320 12 350
2 5 322 12 352
2 5 323 12 353
2 5 324 12 260
2 5 327 12 356
2 5 329 12 357
2 5 330 12 358
2 5 331 12 359
2 5 334 12 263
2 5 339 12 559
2 5 341 12 268
2 5 342 12 365
2 5 343 12 366
2 5 346 12 367
2 5 357 12 475
2 5 358 12 375
2 5 359 12 376
2 5 361 12 378
2 5 362 12 379
2 5 363 12 382
2 5 368 12 385
2 5 369 12 388
2 5 370 12 389
2 5 371 12 390
2 5 375 12 392
2 5 380 12 394
2 5 382 12 499
2 5 383 12 503
2 5 385 12 399
2 5 386 12 402
2 5 387 12 403
2 5 388 12 405
2 5 389 12 407
2 5 390 12 409
2 5 391 12 410
2 5 392 12 411
2 5 398 12 414
2 5 399 12 415
2 5 400 12 416
2 5 406 12 421
2 5 409 12 423
2 5 410 12 424
2 5 411 12 425
2 5 412 12 429
2 5 414 12 430
2 5 416 12 438
2 5 418 12 442
2 5 419 12 443
2 5 420 12 445
2 5 421 12 446
2 5 422 12 447
2 5 423 12 448
2 5 424 12 449
2 5 425 12 450
2 5 426 12 451
2 5 427 12 452
2 5 428 12 455
2 5 429 12 453
2 5 430 12 454
2 5 431 12 457
2 5 437 12 464
2 5 438 12 465
2 5 440 12 466
2 5 443 12 470
2 5 444 12 471
2 5 445 12 575
2 5 446 12 472
2 5 448 12 473
2 5 451 12 477
2 5 453 12 478
2 5 454 12 482
2 5 455 12 485
2 5 459 12 488
2 5 460 12 489
2 5 461 12 490
2 5 463 12 493
2 5 469 12 498
2 5 474 12 506
2 5 475 12 507
2 5 476 12 508
2 5 478 12 512
2 5 480 12 515
2 5 483 12 641
2 5 488 12 522
2 5 491 12 406
2 5 492 12 524
2 5 493 12 525
2 5 494 12 408
2 5 497 12 527
2 5 499 12 529
2 5 503 12 530
2 5 505 12 534
2 5 506 12 535
2 5 507 12 536
2 5 508 12 537
2 5 511 12 426
2 5 512 12 540
2 5 513 12 541
2 5 520 12 672
2 5 522 12 546
2 5 523 12 547
2 5 525 12 550
2 5 526 12 553
2 5 527 12 554
2 5 528 12 556
2 5 532 12 560
2 5 533 12 561
2 5 534 12 562
2 5 535 12 563
2 5 536 12 564
2 5 539 12 458
2 5 540 12 566
2 5 545 12 571
2 5 547 12 572
2 5 549 12 573
2 5 550 12 574
2 5 552 12 579
2 5 553 12 580
2 5 555 12 583
2 5 557 12 586
2 5 560 12 589
2 5 563 12 592
2 5 565 12 487
2 5 566 12 491
2 5 567 12 594
2 5 568 12 596
2 5 570 12 597
2 5 571 12 598
2 5 572 12 599
2 5 573 12 600
2 5 574 12 604
2 5 575 12 602
2 5 576 12 603
2 5 577 12 494
2 5 581 12 607
2 5 583 12 608
2 5 591 12 618
2 5 602 12 623
2 5 603 12 624
2 5 606 12 629
2 5 609 12 510
2 5 610 12 632
2 5 612 12 634
2 5 613 12 635
2 5 614 12 636
2 5 615 12 772
2 5 620 12 984
2 5 624 12 777
2 5 625 12 644
2 5 630 12 518
2 5 634 12 519
2 5 636 12 521
2 5 640 12 523
2 5 647 12 652
2 5 650 12 654
2 5 651 12 532
2 5 653 12 656
2 5 654 12 657
2 5 660 12 813
2 5 661 12 814
2 5 662 12 659
2 5 663 12 660
2 5 665 12 818
2 5 673 12 666
2 5 674 12 667
2 5 678 12 542
2 5 680 12 671
2 5 682 12 544
2 5 683 12 545
2 5 686 12 675
2 5 691 12 678
2 5 692 12 679
2 5 694 12 682
2 5 695 12 558
2 5 697 12 685
2 5 699 12 687
2 5 704 12 690
2 5 709 12 694
2 5 717 12 461
2 5 723 12 702
2 5 729 12 708
2 5 730 12 710
2 5 731 12 711
2 5 735 12 582
2 5 738 12 584
2 5 742 12 717
2 5 743 12 718
2 5 746 12 719
2 5 757 12 726
2 5 759 12 728
2 5 763 12 730
2 5 765 12 731
2 5 766 12 732
2 5 767 12 595
2 5 768 12 733
2 5 771 12 605
2 5 773 12 738
2 6 259 13 337
2 6 445 13 306
2 6 601 13 468
2 6 864 13 1091
2 6 926 13 1575
2 8 23 10 31
2 8 37 10 32
2 8 50 10 42
2 8 66 10 54
2 8 79 10 69
3 8 80 10 71 13 45
2 8 102 9 103
2 8 105 9 107
2 8 135 10 89
2 8 164 10 189
2 8 209 10 183
2 8 218 9 157
2 8 254 10 210
3 8 280 10 314 13 457
2 8 284 10 226
2 8 320 10 350
3 8 329 10 268 13 206
2 8 335 10 374
2 8 350 10 387
2 8 376 10 310
2 8 379 10 315
2 8 413 9 307
3 8 440 10 361 13 293
2 8 441 10 523
3 8 454 10 534 13 583
2 8 464 9 598
3 8 476 10 555 13 605
2 8 491 10 413
2 8 493 13 614
2 8 500 10 752
2 8 517 10 437
2 8 567 10 357
2 8 569 10 673
2 8 587 10 482
2 8 590 10 490
2 8 596 10 690
2 8 604 10 506
3 8 609 10 516 13 555
2 8 616 9 798
2 8 618 10 528
2 8 628 10 389
2 8 635 10 544
2 8 660 10 726
2 8 665 10 556
2 8 667 13 451
2 8 679 10 1018
2 8 715 10 589
2 8 726 10 595
2 8 763 10 604
2 8 766 10 605
2 8 767 10 438
3 8 776 10 612 13 475
2 8 784 10 461
2 8 790 10 632
3 8 791 10 674 13 755
3 8 796 10 923 13 1261
3 8 808 10 488 13 389
2 8 811 10 648
2 8 830 10 667
2 8 832 10 670
2 8 851 10 704
2 8 856 10 965
2 8 859 10 964
2 8 860 10 968
2 8 877 10 983
3 8 902 13 792 10 1367
3 8 927 10 1034 13 1062
2 8 930 10 1020
2 8 950 10 1090
2 8 973 10 1130
2 8 981 10 815
2 8 995 10 600
3 8 996 10 784 13 629
2 8 997 10 602
2 8 1014 10 807
2 8 1019 10 803
2 8 1020 10 613
2 8 1024 10 810
2 8 1025 13 643
3 8 1026 10 622 13 642
2 8 1047 10 925
2 8 1049 9 970
3 8 1071 10 842 13 664
2 8 1073 10 857
3 8 1076 10 847 13 677
2 8 1088 13 1025
2 8 1105 10 914
2 8 1107 10 691
2 8 1115 10 922
2 8 1120 10 906
3 8 1123 10 949 13 1305
2 8 1145 10 974
2 8 1146 10 975
2 8 1148 10 698
2 8 1157 10 1331
2 8 1165 10 972
2 8 1179 10 718
2 8 1208 10 1422
2 8 1216 10 1421
2 8 1218 9 1558
2 8 1242 10 1429
2 8 1248 9 855
2 8 1273 13 1424
2 8 1278 10 1475
2 8 1279 10 1476
2 8 1295 10 760
2 8 1296 10 2035
2 8 1319 10 776
3 8 1321 10 777 13 622
3 8 1322 10 778 13 623
3 8 1332 10 1102 13 827
2 8 1337 10 788
2 8 1340 10 785
2 8 1351 10 795
3 8 1354 10 1122 13 844
2 8 1356 10 1117
2 8 1362 10 809
3 8 1367 10 818 13 639
2 8 1369 10 820
2 8 1370 10 819
3 8 1381 10 1675 13 2116
2 8 1383 10 1267
3 8 1402 10 1274 13 1277
2 8 1407 10 834
2 8 1416 10 1197
2 8 1425 10 1235
3 8 1434 10 865 13 909
3 8 1435 10 1284 13 1295
3 8 1437 10 1709 13 1636
2 8 1447 10 1708
3 8 1475 10 1252 13 1217
3 8 1480 10 1263 13 1229
3 8 1481 10 1727 13 2210
3 8 1532 10 1297 13 998
2 8 1536 10 1334
2 8 1537 10 1335
2 8 1547 10 947
2 8 1552 10 1337
3 8 1590 10 996 13 795
2 8 1611 9 1553
2 8 1632 10 1906
2 8 1650 10 1905
2 8 1669 10 1457
2 8 1709 10 1440
2 8 1733 10 1091
2 8 1734 10 1093
2 8 1741 10 1105
2 8 1747 10 1499
2 8 1750 10 1494
2 8 1752 10 1109
2 8 1757 10 1107
3 8 1759 10 2033 13 1390
2 8 1760 10 1507
2 8 1764 10 1528
2 8 1766 10 1534
3 8 1774 10 1133 13 1093
2 8 1779 10 1539
2 8 1780 10 1533
2 8 1781 10 1121
2 8 1786 10 1127
2 8 1796 10 1136
3 8 1798 10 1147 13 857
3 8 1800 10 2104 13 1421
3 8 1801 10 2105 13 1422
3 8 1808 10 2191 13 2068
2 8 1829 13 1147
2 8 1856 10 1619
2 8 1861 10 2185
2 8 1869 10 1638
3 8 1871 10 1698 13 2157
2 8 1881 10 2294
2 8 1884 10 1212
2 8 1891 10 1706
2 8 1896 13 2187
2 8 1897 10 1711
2 8 1900 13 1175
2 8 1906 10 1715
2 8 1918 10 1723
2 8 1920 9 1336
2 8 1923 10 1275
2 8 1931 10 1739
3 8 1949 10 2335 13 2195
2 8 1972 10 1758
2 8 1977 10 1749
2 8 1983 10 2399
2 8 1993 10 1763
2 8 1999 13 991
2 8 2006 13 995
2 8 2018 9 1783
2 8 2021 10 1788
2 8 2029 10 1778
2 8 2082 10 1380
2 8 2091 10 1819
2 8 2104 10 2533
3 8 2166 10 1879 13 1784
2 8 2171 10 2717
2 8 2176 10 2790
2 8 2204 10 2787
2 8 2205 10 2788
2 8 2211 10 2719
2 8 2212 10 2720
2 8 2247 10 2784
2 8 2248 10 2785
2 8 2274 10 2843
2 8 2310 10 2918
2 8 2311 10 2919
3 8 2402 10 1479 13 820
2 8 2408 10 1490
2 8 2409 10 1495
2 8 2414 10 2010
2 8 2423 10 1496
3 8 2427 10 1504 13 1080
2 8 2437 10 2046
2 8 2439 10 1509
2 8 2444 10 1513
3 8 2458 10 1529 13 1083
2 8 2465 10 3134
2 8 2487 10 2098
3 8 2538 13 2156 10 2277
2 8 2545 10 2270
2 8 2553 10 2276
2 8 2587 10 2295
3 8 2607 10 2175 13 1460
2 8 2636 10 3620
3 8 2642 10 2321 13 3115
3 8 2646 10 2308 13 2181
2 8 2647 10 2330
2 8 2650 10 2274
2 8 2659 10 2322
2 8 2660 10 2323
2 8 2712 10 3711
2 8 2738 10 2343
2 8 2745 10 3694
2 8 2747 10 2383
2 8 2751 10 2345
2 8 2754 10 2366
3 8 2757 10 2338 13 1617
2 8 2758 10 2339
2 8 2773 10 3786
2 8 2783 10 3843
2 8 2784 10 2431
2 8 2785 10 2429
2 8 2797 10 3858
2 8 2800 10 2369
2 8 2801 10 2370
2 8 2803 10 1712
3 8 2804 10 1713 13 1239
2 8 2808 10 2314
2 8 2817 10 3881
2 8 2835 10 2358
3 8 2845 10 2364 13 1611
2 8 2846 13 1598
2 8 2899 10 2501
2 8 2982 10 2557
2 8 3003 10 2561
2 8 3058 10 2625
2 8 3289 9 1383
2 8 3295 10 2692
2 8 3297 10 2718
2 8 3304 10 2734
2 8 3305 10 2735
2 8 3306 13 2422
4 8 3310 9 1896 10 2722 13 2417
2 8 3319 9 1898
2 8 3334 10 1897
3 8 3336 10 2678 13 2380
2 8 3339 10 2728
2 8 3498 10 2836
2 8 3504 10 2854
2 8 3527 9 2093
2 8 3580 10 2903
2 8 3587 10 2912
2 8 3600 10 2947
2 8 3623 10 2956
2 8 3634 9 1507
2 8 3645 10 2754
2 8 3693 10 2834
2 8 3697 10 2845
2 8 3698 10 2846
2 8 3819 13 1812
3 8 3822 10 2982 13 1810
2 8 3832 10 3004
2 8 3841 10 2006
2 8 3856 10 3011
2 8 3857 10 2027
2 8 3868 10 2042
3 8 3892 10 2047 13 1402
3 8 3895 10 2060 13 1409
3 8 3921 10 3120 13 2563
2 8 3929 10 3126
3 8 3997 10 2112 13 1097
2 8 4001 10 1565
2 8 4054 13 1939
2 8 4097 10 2157
2 8 4146 10 3578
2 8 4147 10 3579
2 8 4184 10 3348
2 8 4206 10 3356
2 8 4209 10 2183
2 8 4217 10 3609
2 8 4231 10 3466
2 8 4248 10 3632
2 8 4249 10 3633
2 8 4250 10 3634
2 8 4263 10 3636
2 8 4267 10 3622
2 8 4278 13 3105
2 8 4281 10 3629
3 8 4282 10 3631 13 3111
2 8 4299 13 3164
2 8 4352 10 3617
2 8 4353 10 3618
2 8 4412 10 3486
2 8 4429 10 3682
2 8 4450 10 3703
2 8 4456 10 3760
2 8 4500 10 3820
2 8 4588 10 3825
2 8 4595 10 3701
2 8 4597 10 3712
2 8 4598 10 3713
2 8 4608 10 3726
2 8 4610 10 2371
2 9 1380 10 2684
3 9 1799 10 1299 13 1247
2 9 1805 10 1306
2 9 4121 10 3655
2 10 30 13 36
2 10 75 13 71
2 10 116 13 115
2 10 160 13 226
2 10 180 13 133
2 10 181 13 134
2 10 197 13 152
2 10 198 13 200
2 10 200 13 291
2 10 212 13 320
2 10 241 13 273
2 10 261 13 203
2 10 262 13 201
2 10 269 13 292
2 10 270 13 407
2 10 275 13 220
2 10 302 13 329
2 10 312 13 253
2 10 313 13 254
2 10 347 13 279
2 10 351 13 506
2 10 356 13 382
2 10 360 13 394
2 10 463 13 682
2 10 464 13 684
2 10 466 13 514
2 10 478 13 387
2 10 479 13 388
2 10 487 13 503
2 10 509 13 405
2 10 515 13 412
2 10 518 13 575
2 10 599 13 470
2 10 611 13 474
2 10 625 13 683
2 10 627 13 925
2 10 649 13 694
2 10 653 13 697
2 10 728 13 802
2 10 741 13 808
2 10 747 13 818
2 10 783 13 469
2 10 786 13 832
2 10 797 13 633
2 10 826 13 887
2 10 839 13 672
2 10 850 13 911
2 10 854 13 903
2 10 856 13 688
2 10 858 13 689
2 10 871 13 922
2 10 893 13 957
2 10 1092 13 822
2 10 1097 13 826
2 10 1101 13 1072
2 10 1106 13 834
2 10 1108 13 829
2 10 1124 13 843
2 10 1134 13 851
2 10 1152 13 1466
2 10 1160 13 1483
2 10 1261 13 1240
2 10 1292 13 1635
2 10 1294 13 1637
2 10 1313 13 1669
2 10 1316 13 1301
2 10 1317 13 1302
2 10 1375 13 1323
2 10 1376 13 1324
2 10 1481 13 1369
2 10 1482 13 1065
2 10 1493 13 1071
2 10 1519 13 841
2 10 1521 13 1400
2 10 1527 13 1089
2 10 1532 13 1087
2 10 1546 13 1092
2 10 1558 13 1941
2 10 1567 13 1472
2 10 1568 13 1473
2 10 1627 13 1134
2 10 1635 13 1145
2 10 1658 13 1516
2 10 1669 13 1557
2 10 1878 13 2414
2 10 1886 13 2420
2 10 2012 13 1387
2 10 2015 13 1396
2 10 2029 13 1393
2 10 2045 13 1399
2 10 2049 13 1401
2 10 2050 13 1856
2 10 2065 13 1859
2 10 2069 13 1404
2 10 2072 13 1857
2 10 2078 13 1414
2 10 2079 13 1420
2 10 2122 13 1905
2 10 2123 13 1906
2 10 2149 13 2865
2 10 2241 13 1519
2 10 2249 13 2117
2 10 2296 13 2177
2 10 2300 13 2168
2 10 2334 13 2209
2 10 2599 13 2298
2 10 2978 13 1809
2 10 2985 13 1803
2 10 2993 13 1819
2 10 3009 13 1826
2 10 3015 13 1822
2 10 3169 13 1451
2 10 3176 13 2630
2 10 3190 13 1889
2 10 3362 13 2726
2 10 3364 13 1964
2 10 3405 13 2045
2 10 3531 13 2922
2 10 3543 13 3022
2 10 3577 13 3048
2 10 3580 13 3031
2 10 3601 13 3082
2 10 3602 13 3083
2 10 3627 13 3107
2 10 3702 13 2152
2 10 3720 13 2206
