
0 0 1 1 2 2 3 3 4 4 5 5 6 6 7 7 8 8 9 9 10 10 11 11 12 12 13 13 14 14 15 15 16 16 17 17 18 18 19 19 20 20 21 21 22 22 23 23 24 24 25 25 26 26 27 27 28 28 29 29 30 30 31 31 32 32 33 33 34 34 35 35 36 36 37 37 38 38 39 39 40 40 41 42 42 43 43 44 44 45 45 46 46 48 47 49 48 50 49 51 50 52 51 53 53 55 54 56 55 57 56 58 57 59 58 41 59 60 60 62 61 63 62 64 63 65 64 66 65 67 66 68 67 69 68 70 69 71 70 72 71 73 72 74 73 75 74 90 75 76 77 78 78 79 80 80 82 81 83 82 84 83 85 84 86 85 87 87 89 88 90 89 92 91 93 92 94 93 95 94 96 95 97 96 98 97 99 98 100 99 103 101 104 125 107 107 109 108 110 109 111 110 112 111 113 112 114 113 115 142 116 114 117 115 118 116 119 117 120 118 121 119 122 120 123 122 124 123 125 102 126 124 127 126 128 127 129 128 130 129 132 134 133 135 134 136 135 137 136 138 139 140 143 143 144 144 146 145 147 146 148 147 149 190 150 149 151 150 152 191 154 151 155 152 156 153 157 154 158 155 160 158 161 159 162 160 163 161 164 121 166 164 168 165 169 167 170 170 171 130 172 173 173 174 174 176 175 177 176 178 177 179 178 180 179 181 180 182 181 183 182 184 183 185 184 187 185 188 187 244 188 189 190 192 191 195 192 196 193 197 194 199 195 201 196 202 197 203 198 204 199 205 200 208 201 209 202 210 203 211 204 212 205 214 206 216 207 275 208 217 209 218 210 220 211 221 212 286 213 287 215 222 217 224 218 225 219 226 220 227 221 228 222 171 223 172 225 229 226 311 227 231 228 233 229 234 230 313 231 314 232 236 233 237 234 318 235 319 236 238 237 186 238 239 239 245 240 246 241 248 242 193 244 249 245 198 246 253 247 251 248 254 249 255 250 256 251 257 252 258 253 259 255 261 256 264 257 265 258 362 259 363 260 269 261 270 262 271 263 273 267 277 268 278 269 279 271 282 272 283 274 284 275 285 276 290 277 292 278 293 279 295 280 296 281 297 282 298 283 299 284 300 285 301 288 306 291 230 293 312 297 315 298 316 300 322 302 242 303 243 304 324 306 327 307 329 308 247 309 333 310 335 311 338 312 339 313 344 314 345 315 346 317 347 318 348 319 349 320 350 321 351 322 352 323 353 324 260 327 356 329 357 330 358 331 359 334 263 339 559 341 268 342 365 343 366 346 367 349 369 351 371 353 467 355 576 357 475 358 375 359 376 361 378 362 379 363 382 368 385 369 388 370 389 371 390 373 302 375 392 380 394 382 499 383 503 385 399 386 402 387 403 388 405 389 407 390 409 391 410 392 411 398 414 399 415 400 416 403 418 404 419 406 421 408 422 409 423 410 424 411 425 412 429 414 430 416 438 418 442 419 443 420 445 421 446 422 447 423 448 424 449 425 450 426 451 427 452 428 455 429 453 430 454 431 457 433 460 435 462 437 464 438 465 440 466 443 470 444 471 445 575 446 472 448 473 451 477 453 478 454 482 455 485 459 488 460 489 461 490 462 492 463 493 469 498 474 506 475 507 476 508 478 512 479 513 480 515 483 641 488 522 491 406 492 524 493 525 494 408 497 527 499 529 503 530 505 534 506 535 507 536 508 537 511 426 512 540 513 541 520 672 522 546 523 547 525 550 526 553 527 554 528 556 532 560 533 561 534 562 535 563 536 564 539 458 540 566 542 568 543 570 545 571 547 572 549 573 550 574 552 579 553 580 554 581 555 583 557 586 560 589 561 591 563 592 565 487 566 491 567 594 568 596 570 597 571 598 572 599 573 600 574 604 575 602 576 603 577 494 581 607 583 608 591 618 602 623 603 624 606 629 609 510 610 632 611 633 612 634 613 635 614 636 615 772 620 984 624 777 625 644 630 518 634 519 636 521 640 523 647 652 650 654 651 532 653 656 654 657 659 1677 660 813 661 814 662 659 663 660 665 818 668 662 669 663 673 666 674 667 676 669 678 542 680 671 682 544 683 545 686 675 691 678 692 679 694 682 695 558 696 856 697 685 698 686 699 687 700 688 704 690 709 694 710 696 717 461 718 697 723 702 726 705 728 709 729 708 730 710 731 711 735 582 738 584 742 717 743 718 746 719 757 726 759 728 763 730 765 731 766 732 767 595 768 733 769 734 771 605 773 738 776 739 
5 19 6 20 22 27 44 94 45 78 55 67 62 80 100 107 107 113 120 127 129 136 130 137 148 116 163 179 173 139 185 266 202 225 205 232 208 236 209 308 221 252 258 298 263 400 273 412 274 311 302 464 310 347 317 363 321 370 373 425 403 474 406 483 408 484 413 489 433 517 435 670 436 676 441 677 462 423 479 574 542 858 554 869 561 687 611 722 664 993 676 787 683 1046 693 798 696 832 704 1050 710 841 726 1078 769 889 770 892 776 696 


5 19 6 20 22 27 45 94 46 78 54 85 57 67 64 80 99 107 107 113 118 127 121 132 128 136 129 137 133 138 147 116 163 1508 174 139 214 232 217 236 232 326 260 378 273 400 284 311 286 313 288 314 335 347 347 363 351 370 371 525 377 404 395 325 398 428 418 474 421 483 422 484 462 670 467 677 492 423 513 574 568 858 581 869 591 687 633 722 669 787 686 837 688 839 693 838 696 841 697 1066 698 1068 699 1069 705 1078 724 883 734 889 737 893 739 696 745 704 749 908 769 929 770 930 830 1402 877 1091 880 895 884 1094 912 897 942 1146 962 1634 975 912 987 850 1082 1400 1089 2026 1113 1475 1121 1486 1122 1487 1153 1108 1181 1118 1186 1563 1191 1548 1196 1552 1197 2240 1198 1570 1392 593 1414 2090 1449 1803 1532 1276 1541 1290 1572 1381 1598 2133 1630 1414 1637 1421 1665 280 1686 2017 1697 1460 1750 2129 1763 2148 1764 2147 1786 2175 1826 1538 1835 1541 1855 1547 1868 1672 



26 33 36 32 67 77 80 99 113 139 127 174 133 137 196 263 219 532 228 423 232 424 234 335 236 336 256 356 280 384 284 391 311 441 313 345 328 462 396 674 400 677 414 433 428 449 430 569 499 833 516 849 525 860 555 559 657 646 670 861 687 876 725 578 796 975 877 870 883 1065 896 880 898 1070 1067 1457 1105 432 1214 1329 1258 1244 1381 1136 1924 1258 2067 1386 2096 1391 
80 110 179 613 202 218 228 809 243 351 278 946 280 4275 311 476 312 477 408 4247 573 1196 575 1198 670 1092 705 1125 832 1775 839 1387 914 4333 925 1162 928 2250 930 2249 1057 2490 1062 1795 1063 2502 1064 1796 1078 1807 1381 1663 1466 4369 1473 2505 1486 2514 1508 4320 2104 4386 2117 3867 2165 2497 
311 439 312 440 519 792 698 3002 853 1787 856 1046 872 785 1057 2565 1059 2566 1062 1789 1064 2577 1067 2556 1069 2602 1251 3664 1442 4136 1469 2571 1477 3794 1520 2572 1706 3774 2022 3753 2026 4091 2102 1552 2122 1564 
313 4418 329 4362 708 4436 1057 2827 1062 2027 1064 2026 1068 1952 1227 1839 1260 3336 1466 4583 1473 2836 1596 3132 1660 3258 1730 2486 1827 4353 2104 4412 2130 2165 
63 2353 142 1285 278 180 554 359 593 2974 780 3758 942 2820 1064 1744 1070 1290 1128 2326 1156 3392 1260 2678 1261 2679 1319 2079 1466 3689 1473 2359 1567 3238 2090 2617 
63 1597 195 467 278 133 457 1552 523 775 593 451 733 803 855 1279 934 1938 949 2875 1058 1608 1064 1607 1078 1247 1253 2736 1260 2380 1263 2447 1289 2755 1469 1594 1470 2152 2067 2988 




0 0 15 25 16 18 30 36 40 40 45 65 58 51 59 50 73 112 77 116 78 120 95 58 99 110 102 151 111 94 114 137 115 138 120 133 134 156 135 195 137 157 138 161 141 160 155 235 179 201 180 202 181 276 183 214 206 169 207 232 209 134 233 244 236 253 238 341 242 258 243 259 248 378 263 360 281 731 286 302 292 297 295 300 296 298 305 433 327 453 338 264 340 261 353 386 355 389 370 727 377 399 384 429 417 454 424 338 425 465 439 472 441 476 446 673 447 674 449 495 485 954 487 588 497 596 528 766 549 623 555 469 580 924 583 897 598 720 603 959 604 960 653 779 660 789 667 1087 674 1096 675 4521 677 806 687 643 695 1140 709 1197 710 907 716 916 719 915 768 998 825 1074 843 1080 850 1386 860 1090 861 1092 870 1099 907 914 922 935 1085 1480 1087 1567 1136 1663 1359 1965 1392 3972 
15 15 45 43 120 118 141 110 295 224 401 427 437 441 439 353 441 439 487 544 554 435 580 925 674 794 683 799 712 668 716 680 1474 3691 





0 1 8 5 24 25 30 29 40 37 42 39 48 47 50 51 56 83 60 55 65 43 88 112 119 67 120 104 125 111 133 118 137 130 138 131 155 199 157 153 159 212 160 110 161 163 170 167 171 186 175 175 192 262 194 266 195 202 205 278 206 279 215 158 229 308 249 340 262 270 263 271 286 395 300 224 313 327 325 341 329 343 330 344 343 349 345 354 358 365 369 277 378 377 395 392 403 401 407 225 429 546 441 581 456 346 471 352 472 353 474 437 476 439 477 440 485 468 516 491 519 496 520 497 553 371 564 386 565 532 567 535 569 715 588 544 593 553 596 565 609 572 621 587 622 580 624 584 630 605 649 831 650 797 666 812 674 841 676 610 698 1178 707 696 716 915 727 927 747 949 769 743 783 786 789 771 793 773 803 577 806 1050 809 792 810 788 811 600 817 808 834 1106 843 611 867 810 876 872 886 1166 887 1167 905 903 910 879 914 887 916 680 917 681 923 900 924 925 930 694 953 1224 962 1229 970 961 979 964 1030 993 1036 985 1065 1016 1080 1033 1086 1034 1091 1059 1096 794 1098 1056 1104 1070 1105 799 1106 801 1162 818 1197 1521 1206 1480 1219 904 1225 906 1252 1222 1259 2295 1268 1223 1342 1007 1343 1284 1366 1303 1369 1311 1371 1309 1372 1310 1379 1027 1396 1351 1399 1048 1400 1061 1406 1071 1407 1072 1438 1401 1440 1961 1494 1478 1495 1476 1526 2182 1545 1498 1547 1515 1606 1195 1631 3872 1730 2412 1779 2547 1784 1824 1795 1789 1796 2577 1804 1800 1805 1793 1810 1819 1821 1361 1838 2808 1947 2964 1955 2983 1959 2988 1965 1837 2076 2104 2110 2142 2111 2143 2122 2127 2144 2153 2182 3611 2185 3618 2191 1415 2208 2226 2231 2223 2259 1488 2291 2276 2292 2277 2315 3878 2316 3879 2458 2532 2490 2565 2491 2566 2492 2567 2496 1768 2497 1769 2498 2570 2499 2571 2500 1786 2502 1785 2783 2878 3139 3426 3203 3118 3423 3167 3815 3704 3918 1564 4014 3856 4034 2337 4119 3918 4190 4073 4271 3751 4358 2554 4396 1792 4436 4166 4467 172 
56 134 137 184 156 149 195 148 224 412 262 198 291 418 343 354 369 270 395 540 472 348 474 350 548 740 565 753 649 1148 673 483 729 758 805 1244 806 819 876 917 902 1245 1020 1791 1100 1107 1112 2160 1162 872 1224 1089 1545 1553 1795 1851 1796 2410 1806 2407 1810 1852 2490 2396 2491 2395 2492 3228 2498 2402 2499 2403 2508 538 2520 1853 2534 2374 4044 1235 4080 2272 4098 1549 4330 1644 4332 3251 4458 1806 
224 551 263 198 340 369 395 738 456 450 627 352 649 1623 778 2328 940 3864 1105 617 1287 1820 1305 1393 1311 3961 1560 1336 1779 4435 1795 2027 1796 2026 1799 2853 1802 2009 1810 2013 1997 4603 2218 3680 2262 541 2413 4469 2490 2827 2498 2831 2499 2832 2500 2844 2505 2836 3662 2333 4308 4194 4361 2696 4369 4583 4374 4576 4386 4412 4418 4376 
156 124 330 3746 335 1316 341 305 395 608 456 279 467 290 571 1473 602 475 627 280 703 1086 704 1085 716 3139 1100 957 1181 3302 1780 3157 1796 1744 1804 1290 1807 1289 1810 1716 1877 2714 1888 2682 2260 2946 2490 2353 2491 2347 2498 2351 2499 2352 2500 2363 2502 2348 2505 2359 2541 1299 2567 897 2665 3232 3904 2312 3951 3741 4157 3490 4280 2313 4369 3689 4372 3679 4374 3673 4375 3674 4496 3233 
597 2593 602 384 611 396 932 2875 1302 1147 1762 1169 1779 2080 1796 1607 1806 1253 1807 1247 1810 1241 2021 2114 2315 1979 2316 1980 2490 1597 2499 1594 2505 2147 3682 2230 3942 2736 4006 2457 4244 2631 4250 2092 4357 2261 






10 11 11 21 18 19 29 33 40 62 42 34 52 61 57 86 68 113 82 133 83 134 111 156 130 184 131 185 151 152 155 206 156 207 157 158 158 159 159 211 186 229 202 148 208 378 225 203 226 276 228 209 229 309 232 237 253 338 269 363 270 198 271 200 277 270 283 277 293 402 295 210 308 313 341 466 346 347 349 354 350 362 353 348 386 381 387 382 389 387 390 388 392 540 399 418 404 556 423 453 425 456 426 468 430 472 433 465 435 626 437 350 438 352 441 477 447 483 449 672 456 674 458 675 467 500 484 505 488 704 501 659 502 706 515 2871 530 553 532 753 533 399 578 609 581 2366 583 444 620 671 621 673 623 894 668 489 669 921 672 927 675 712 690 692 714 757 715 758 773 817 792 621 794 623 799 631 806 2034 818 872 823 1142 831 1148 833 896 841 1129 871 916 872 917 892 683 912 1246 917 1242 918 954 924 1255 926 967 928 939 933 532 935 722 937 725 938 726 940 973 949 992 1000 1370 1049 1090 1050 819 1053 1070 1055 1015 1056 1024 1061 849 1067 1107 1070 861 1082 1460 1100 1146 1132 1521 1141 1528 1178 1596 1206 1252 1339 1364 1341 1079 1352 1391 1360 1398 1389 1475 1391 1431 1415 1436 1461 1544 1473 1984 1482 1998 1498 1553 1500 1556 1507 1233 1510 2031 1511 2036 1525 2077 1528 1592 1551 1548 1554 1563 1556 1565 1653 2338 1692 1782 1730 1773 1750 1758 1786 1845 1789 1851 1794 1799 1795 1842 1810 1849 1811 1850 1812 1383 1813 1384 1819 1852 1845 2574 1846 2575 2222 2812 2225 1236 2231 2840 2258 2048 2259 2051 2277 2994 2343 2993 2356 3144 2357 3145 2556 2375 2565 2396 2566 2395 2567 3228 2570 2402 2571 2403 2574 2405 2575 2406 2576 2404 2818 1960 3057 1261 3710 1440 3768 2099 3779 2973 3788 2971 3797 2129 3821 3007 3823 3015 4097 1518 4099 3129 4130 1251 4159 2122 
103 102 104 103 107 105 111 158 156 297 186 318 232 241 269 370 270 197 271 198 277 278 295 215 307 413 346 450 347 361 354 347 389 485 392 738 396 2553 399 533 433 611 484 681 530 537 620 922 669 1245 714 986 715 987 798 616 799 617 823 1618 831 1623 855 1248 918 1290 928 921 1094 1613 1208 725 1361 2020 1389 2190 1507 3634 1553 1611 1558 1218 1633 1130 1783 2018 1789 2027 1819 2013 1896 3310 2093 3527 2096 3473 2258 1627 2547 4435 2565 2827 2570 2831 2571 2832 2576 2836 2783 3881 3795 2486 4051 4206 
67 45 243 3216 344 3746 349 286 351 305 392 608 396 2276 433 363 546 3081 771 489 872 1047 915 3139 1067 957 1092 3420 1094 1892 1380 2684 1791 1560 1799 1299 1800 1290 1805 1306 1819 1716 1896 2722 1968 740 2546 2643 2565 2353 2570 2351 2576 2359 2821 3038 3655 2597 3691 2326 3905 2160 4121 3655 
771 393 778 395 823 1364 1349 2080 1364 2114 1564 2421 1710 1140 1738 1168 1783 1280 1810 1237 1819 1241 1896 2417 2011 2429 2565 1597 2577 1607 2601 1243 3005 2874 3784 2736 3801 2261 3879 1980 4071 1411 4152 2930 







28 25 31 26 32 15 60 64 79 57 112 107 116 112 120 160 123 165 156 158 159 162 160 222 172 163 191 122 196 201 198 197 200 198 207 297 208 153 210 215 228 225 229 318 237 241 249 261 250 262 258 353 263 265 265 200 270 278 278 296 280 384 281 385 332 234 347 450 357 347 362 369 363 370 371 282 372 283 382 214 387 485 411 390 418 533 419 398 427 405 430 314 433 407 436 414 457 461 465 611 471 466 475 352 496 481 505 681 540 738 551 534 553 537 579 562 604 599 616 453 623 614 626 612 631 617 663 916 667 919 668 920 671 922 672 928 673 685 675 915 679 678 685 923 693 931 706 702 740 968 749 757 755 721 757 986 769 729 771 530 785 831 789 840 831 836 871 1183 872 659 878 668 913 2029 921 1245 927 942 939 921 954 1290 966 975 979 737 981 736 1017 1489 1032 1124 1054 1495 1087 1506 1093 1136 1124 1604 1130 1206 1131 1207 1141 1613 1142 1618 1148 1623 1233 3634 1253 1314 1288 1463 1356 1474 1359 629 1633 2516 1653 2663 1660 2680 1661 2681 1685 1921 1702 2707 1781 2753 1788 2010 1790 4587 1794 1496 1851 2027 1852 2013 1870 3056 1871 3057 1971 2230 1975 2251 1991 3473 2048 1627 2051 1629 2078 2346 2079 2348 2154 4038 2156 2513 2157 2514 2174 2605 2194 4309 2196 4311 2200 2678 2208 2689 2209 2690 2251 2718 2308 4452 2343 4444 2345 4505 2346 4506 2396 2827 2398 2009 2407 2015 2410 2026 2789 3592 3004 4211 3109 4418 3183 4461 3245 4408 
31 11 32 10 61 76 116 134 207 240 277 183 319 3746 354 286 370 310 371 225 375 227 465 363 540 608 579 491 623 503 671 744 701 1036 740 798 786 1251 789 951 913 1778 917 1047 921 1049 928 1059 994 3157 1130 1408 1132 1419 1245 1517 1253 1559 1474 1892 1475 1418 1543 1966 1544 2893 1606 3216 1632 2240 1634 3496 1653 1307 1701 3695 1702 3696 1746 2384 1788 2435 1800 1290 1833 1733 1835 1299 1838 1298 1839 1289 1852 1716 1953 1880 1971 1916 2208 3666 2251 3719 2321 3773 2396 2353 2606 2738 2822 369 2859 2093 2862 2094 3110 3744 3111 3745 
60 46 207 270 249 322 551 766 604 403 612 545 1141 1786 1210 3061 1393 2114 1402 998 1632 2105 1833 1279 1835 1247 1849 1237 1852 1241 2396 1597 2407 1253 2410 1607 2651 2875 2823 2120 3228 2143 








2 2 15 10 23 31 26 11 37 32 50 42 66 54 78 50 79 69 80 71 97 122 112 134 135 89 153 102 157 103 160 105 164 189 209 183 254 210 261 215 280 314 281 228 282 225 284 226 296 238 297 240 299 326 320 350 329 268 335 374 350 387 352 280 376 310 379 315 385 321 440 361 441 523 450 279 454 534 455 286 476 555 491 413 500 752 517 437 538 369 562 491 567 357 569 673 585 479 587 482 589 489 590 490 596 690 599 505 604 506 609 516 611 363 614 503 616 658 618 528 628 389 635 544 660 726 665 556 678 737 679 1018 702 751 715 589 726 595 738 608 757 623 763 604 766 605 767 438 776 612 784 461 790 632 791 674 796 923 808 488 811 648 830 667 831 688 832 670 836 919 840 951 851 704 856 965 859 964 860 968 877 983 915 735 916 1023 919 1031 920 1032 922 744 927 1034 930 1020 931 1021 950 1090 953 775 968 798 973 1130 981 815 995 600 996 784 997 602 1014 807 1019 803 1020 613 1024 810 1026 622 1047 925 1071 842 1073 857 1076 847 1105 914 1107 691 1115 922 1120 906 1123 949 1136 933 1145 974 1146 975 1148 698 1157 1331 1162 957 1165 972 1179 718 1206 1408 1207 1409 1208 1422 1216 1421 1242 1429 1245 1049 1278 1475 1279 1476 1295 760 1296 2035 1301 1517 1313 1084 1319 776 1321 777 1322 778 1332 1102 1337 788 1340 785 1351 795 1354 1122 1356 1117 1362 809 1367 818 1369 820 1370 819 1381 1675 1383 1267 1393 1195 1402 1274 1407 834 1416 1197 1425 1235 1434 865 1435 1284 1437 1709 1447 1708 1474 1258 1475 1252 1480 1263 1481 1727 1489 1743 1495 1753 1513 3556 1532 1297 1536 1334 1537 1335 1547 947 1552 1337 1590 996 1604 1875 1610 1419 1613 1892 1623 1891 1632 1906 1650 1905 1669 1457 1709 1440 1733 1091 1734 1093 1741 1105 1747 1499 1750 1494 1752 1109 1757 1107 1759 2033 1760 1507 1764 1528 1766 1534 1774 1133 1779 1539 1780 1533 1781 1121 1786 1127 1796 1136 1798 1147 1800 2104 1801 2105 1808 2191 1816 2221 1817 1659 1856 1619 1861 2185 1869 1638 1871 1698 1881 2294 1884 1212 1891 1706 1897 1711 1906 1715 1918 1723 1923 1275 1931 1739 1949 2335 1972 1758 1977 1749 1983 2399 1993 1763 2000 1289 2008 1299 2010 2435 2013 1716 2021 1788 2026 1744 2029 1778 2082 1380 2091 1819 2104 2533 2161 1389 2166 1879 2171 2717 2176 2790 2204 2787 2205 2788 2211 2719 2212 2720 2230 1916 2247 2784 2248 2785 2274 2843 2295 2892 2310 2918 2311 2919 2346 3063 2388 1469 2389 3215 2390 3216 2402 1479 2408 1490 2409 1495 2414 2010 2423 1496 2427 1504 2437 2046 2439 1509 2444 1513 2453 2858 2458 1529 2465 3134 2487 2098 2512 2240 2518 3496 2545 2270 2553 2276 2587 2295 2607 2175 2636 3620 2642 2321 2646 2308 2647 2330 2650 2274 2659 2322 2660 2323 2681 3659 2689 3666 2690 3667 2706 3695 2707 3696 2709 3524 2712 3711 2718 3719 2738 2343 2743 2384 2745 3694 2747 2383 2751 2345 2753 2365 2754 2366 2757 2338 2758 2339 2773 3786 2783 3843 2784 2431 2785 2429 2797 3858 2800 2369 2801 2370 2803 1712 2804 1713 2808 2314 2817 3881 2827 2353 2831 2351 2832 2352 2835 2358 2836 2359 2844 2363 2845 2364 2899 2501 2982 2557 3003 2561 3058 2625 3295 2692 3297 2718 3304 2734 3305 2735 3310 2722 3334 1897 3336 2678 3339 2728 3393 2768 3498 2836 3504 2854 3580 2903 3587 2912 3600 2947 3623 2956 3645 2754 3693 2834 3697 2845 3698 2846 3713 2326 3822 2982 3832 3004 3841 2006 3856 3011 3857 2027 3868 2042 3892 2047 3895 2060 3921 3120 3929 3126 3974 2201 3997 2112 4001 1565 4097 2157 4114 2263 4146 3578 4147 3579 4184 3348 4206 3356 4209 2183 4217 3609 4231 3466 4248 3632 4249 3633 4250 3634 4263 3636 4267 3622 4281 3629 4282 3631 4309 3653 4322 3649 4328 3233 4352 3617 4353 3618 4375 3766 4412 3486 4429 3682 4435 3567 4450 3703 4456 3760 4500 3820 4540 3884 4577 3674 4578 2347 4583 3689 4588 3825 4595 3701 4597 3712 4598 3713 4600 3223 4608 3726 4610 2371 
64 46 112 138 218 185 261 322 296 268 297 270 440 293 476 605 491 1879 493 614 599 403 667 451 902 792 919 814 920 815 927 1062 996 629 1025 643 1026 642 1088 1025 1205 419 1273 1424 1367 639 1402 1277 1435 1295 1437 1636 1532 998 1613 1786 1618 1364 1801 1422 1808 2068 1829 1147 1871 2157 1896 2187 1900 1175 1999 991 2000 1247 2006 995 2009 1251 2013 1241 2015 1253 2026 1607 2161 1339 2538 2156 2543 2975 2607 1460 2646 2181 2705 2930 2825 2114 2827 1597 2832 1594 2836 2147 2845 1611 2846 1598 3057 2396 3228 2813 3306 2422 3310 2417 3336 2380 3661 1098 3752 2875 3779 2115 3819 1812 4054 1939 4084 2849 4278 3105 4282 3111 4299 3164 4329 3136 4339 2447 4435 2080 
25 252 218 192 538 290 854 595 1501 596 1621 564 1763 724 2044 460 2099 845 2696 932 3141 160 3156 712 3203 620 3821 391 3877 832 4088 360 4354 614 4600 412 









30 36 44 34 54 37 71 45 74 47 75 71 97 90 116 115 133 185 134 138 160 226 180 133 181 134 182 186 184 184 185 187 197 152 198 200 199 153 200 291 212 320 215 322 238 268 240 270 241 273 261 203 262 201 268 206 269 292 270 407 271 2220 275 220 291 317 293 234 302 329 312 253 313 254 314 457 347 279 351 506 356 382 360 394 361 293 391 600 448 360 463 682 464 684 466 514 475 384 478 387 479 388 487 503 488 389 489 393 505 403 509 405 515 412 516 555 518 575 534 583 599 470 611 474 612 475 622 642 625 683 627 925 649 694 653 697 674 755 728 802 741 808 744 811 747 818 777 622 778 623 783 469 784 629 786 832 797 633 818 639 826 887 838 671 839 672 842 664 847 677 848 908 850 911 854 903 856 688 858 689 865 909 871 922 893 957 923 1261 937 760 949 1305 951 1032 996 795 1032 815 1034 1062 1092 822 1097 826 1101 1072 1102 827 1106 834 1108 829 1122 844 1124 843 1133 1093 1134 851 1147 857 1152 1466 1160 1483 1186 1138 1252 1217 1261 1240 1263 1229 1274 1277 1279 989 1284 1295 1292 1635 1294 1637 1297 998 1299 1247 1313 1669 1316 1301 1317 1302 1367 792 1375 1323 1376 1324 1387 1342 1389 1339 1408 1360 1409 1361 1479 820 1481 1369 1482 1065 1493 1071 1504 1080 1519 841 1521 1400 1527 1089 1529 1083 1532 1087 1546 1092 1558 1941 1567 1472 1568 1473 1627 1134 1635 1145 1658 1516 1669 1557 1675 2116 1698 2157 1709 1636 1713 1239 1716 1241 1717 1253 1727 2210 1744 1607 1803 1726 1811 2736 1878 2414 1879 1784 1886 2420 1892 1786 2012 1387 2015 1396 2029 1393 2033 1390 2045 1399 2047 1402 2049 1401 2050 1856 2060 1409 2065 1859 2069 1404 2072 1857 2078 1414 2079 1420 2104 1421 2105 1422 2112 1097 2122 1905 2123 1906 2125 2717 2149 2865 2175 1460 2191 2068 2240 2105 2241 1519 2249 2117 2277 2156 2293 1242 2296 2177 2300 2168 2308 2181 2321 3115 2334 2209 2335 2195 2338 1617 2348 1592 2352 1594 2353 1597 2359 2147 2364 1611 2599 2298 2678 2380 2722 2417 2951 2439 2978 1809 2982 1810 2985 1803 2993 1819 3009 1826 3015 1822 3098 1873 3120 2563 3169 1451 3176 2630 3190 1889 3242 609 3302 1939 3362 2726 3364 1964 3386 1354 3405 2045 3531 2922 3543 3022 3567 2080 3577 3048 3580 3031 3601 3082 3602 3083 3627 3107 3631 3111 3702 2152 3720 2206 3726 2165 
369 290 481 393 530 595 623 626 805 725 806 724 814 843 838 615 1194 619 1609 932 1776 640 2174 882 2282 206 2779 858 3256 459 3793 160 










21 15 27 26 47 41 69 97 71 56 80 87 90 73 119 180 137 96 138 141 161 164 165 121 170 252 172 131 185 192 215 307 216 219 228 329 233 229 237 351 238 237 246 354 265 265 274 382 283 397 289 413 297 548 307 449 337 259 338 364 349 379 350 380 351 378 369 277 370 489 392 298 406 318 411 427 468 601 502 677 512 684 534 419 541 421 553 544 560 442 603 587 609 281 655 785 671 615 674 812 699 637 702 640 703 641 711 510 724 671 725 672 798 584 893 619 901 624 908 623 941 648 945 647 951 795 958 798 959 651 960 631 962 784 969 658 977 681 1003 290 1034 836 1059 856 1091 864 1106 888 1135 747 1150 751 1172 763 1188 770 1244 818 1334 843 1464 882 1470 891 1478 885 1575 926 1740 845 1980 883 
21 16 27 26 69 97 80 87 90 75 106 113 119 175 137 96 138 136 139 135 161 158 165 117 170 246 172 127 215 304 216 213 233 225 237 349 238 232 246 352 265 258 274 383 283 293 291 310 297 558 307 450 338 366 349 380 350 381 351 379 359 191 360 192 369 273 377 510 392 291 406 314 411 433 454 363 456 467 502 681 511 686 512 687 515 407 534 421 550 239 553 554 560 445 655 775 671 619 674 800 718 538 724 674 725 675 735 556 742 802 776 702 798 591 908 625 921 637 929 774 941 657 945 656 951 786 958 788 960 633 968 670 969 663 977 685 1003 284 1029 574 1030 575 1106 854 1135 744 1150 749 1156 751 1188 764 1288 811 1334 1167 1339 904 1415 836 1742 996 1743 995 1872 922 1873 923 1875 924 2185 962 2561 1026 2583 1257 2629 1035 2756 1174 











0 0 1 1 2 2 3 3 4 4 5 5 6 6 7 8 8 9 9 10 10 11 11 12 12 13 13 14 14 15 15 16 16 17 17 18 18 19 19 20 20 21 21 33 22 22 23 23 24 24 25 25 26 26 27 27 29 28 32 29 33 30 34 31 35 32 36 34 37 35 38 36 39 37 40 38 41 39 42 40 43 42 44 43 45 44 46 45 47 46 49 47 50 48 51 49 52 52 53 53 54 54 55 55 56 56 57 58 58 59 59 60 60 61 62 64 63 65 64 66 65 67 66 68 68 69 69 70 70 71 71 72 72 74 73 75 74 62 75 63 76 76 77 77 78 78 79 79 80 80 81 81 82 82 83 83 84 84 85 85 86 86 87 87 88 88 89 89 90 90 91 91 92 92 93 93 94 94 95 95 96 96 97 97 98 98 99 99 101 100 102 101 103 102 104 103 105 104 106 105 107 106 108 107 109 108 112 109 114 110 115 111 116 112 117 113 118 114 119 115 120 116 121 117 122 118 123 119 124 120 125 121 126 122 128 125 129 126 130 170 131 127 133 128 134 129 135 130 136 131 137 132 138 133 139 134 140 135 141 136 142 137 143 138 144 140 145 141 146 142 149 143 150 200 151 144 152 145 153 146 154 147 155 149 156 150 157 151 158 152 159 153 160 154 161 155 162 156 163 157 164 158 165 159 166 160 167 161 168 162 169 163 170 164 171 165 172 166 173 167 174 168 175 169 176 171 177 172 178 173 179 174 180 175 182 176 183 177 184 178 185 179 186 180 187 182 188 183 189 184 190 185 191 186 192 254 193 188 194 189 195 190 197 260 198 263 199 193 200 194 201 195 202 196 203 197 204 199 205 275 206 201 208 202 209 204 210 205 211 206 212 207 213 208 214 209 215 210 217 211 218 212 219 213 220 215 221 216 222 217 223 218 224 220 225 221 226 222 227 223 228 224 229 225 230 226 232 228 233 332 234 229 235 230 236 231 237 232 238 233 239 234 240 235 241 237 242 342 243 238 244 239 245 241 246 242 247 243 250 244 251 245 252 246 253 247 254 248 255 250 256 251 257 355 258 252 260 253 262 255 264 257 265 258 266 259 267 261 269 262 270 264 271 266 274 268 275 269 276 270 277 273 278 274 281 276 282 277 283 385 284 278 285 387 286 279 287 280 288 282 289 283 290 284 291 392 292 393 293 285 294 286 296 289 297 290 298 291 299 292 300 295 301 296 303 298 304 299 305 302 306 303 307 304 308 305 309 423 311 306 312 307 313 308 314 309 315 424 316 312 317 313 318 314 319 315 320 317 321 318 322 426 323 320 324 321 325 322 326 323 327 324 328 326 330 327 331 329 332 330 333 331 335 333 337 334 338 335 339 336 340 337 341 338 342 339 343 340 344 341 346 343 347 345 348 346 350 348 351 349 352 350 353 351 354 352 355 354 357 356 358 457 359 358 361 362 363 364 364 366 365 367 366 368 368 369 370 370 371 371 372 373 373 375 374 265 375 376 376 377 377 378 378 379 379 380 380 381 381 382 382 383 383 384 384 494 385 388 386 389 387 390 388 391 389 394 390 395 391 397 392 396 393 398 394 400 395 401 396 402 397 293 398 403 399 404 400 507 401 405 402 406 403 297 404 408 405 409 406 410 407 411 409 300 410 413 411 412 412 515 413 414 414 415 415 416 416 417 417 418 418 420 419 421 420 422 421 311 422 535 423 319 424 427 425 428 426 431 427 433 429 434 430 435 431 437 432 438 435 439 436 440 437 561 438 328 439 442 440 441 441 443 442 445 443 446 446 344 447 567 449 450 450 453 451 455 452 456 453 357 455 460 456 461 457 462 459 463 460 464 463 466 464 468 469 471 470 475 471 476 473 478 474 479 475 483 476 726 478 487 479 488 480 489 482 491 483 492 484 495 485 608 486 498 487 501 489 399 490 502 491 503 492 504 493 506 494 505 496 508 497 509 498 510 499 511 500 516 501 517 502 518 505 519 506 520 507 521 508 524 510 525 511 527 512 528 515 531 516 532 517 533 521 534 522 536 523 537 524 538 525 539 527 540 528 541 529 542 530 543 531 544 532 429 533 545 534 546 536 547 537 548 538 549 539 550 540 551 542 552 543 553 544 554 545 555 546 556 548 558 549 693 551 562 554 444 556 447 557 449 558 566 559 568 560 569 561 570 563 571 564 572 565 573 566 576 567 577 568 579 569 452 570 581 571 582 572 454 573 583 574 584 576 585 577 586 578 587 579 588 580 589 581 590 584 591 585 592 586 593 587 594 588 595 589 596 593 597 594 598 595 599 596 600 599 601 602 604 603 493 605 609 606 610 607 611 609 613 610 615 611 616 612 617 613 618 615 619 617 621 622 624 623 625 625 627 626 628 627 629 628 630 629 631 630 632 631 633 632 634 633 635 634 637 635 639 636 640 638 645 639 647 642 776 643 650 644 651 645 652 647 656 648 657 651 660 654 529 656 661 657 662 658 663 662 665 663 666 666 668 667 669 668 670 669 672 670 673 671 674 672 675 673 676 674 677 675 678 676 680 677 681 678 682 679 683 680 684 681 685 684 687 685 689 686 690 689 694 690 695 692 696 693 698 694 699 695 700 697 565 698 703 699 704 700 705 702 706 703 707 704 574 705 575 706 709 707 710 708 712 711 715 712 716 713 717 715 719 716 720 719 721 720 722 724 723 725 724 728 725 730 727 731 607 732 728 733 729 734 730 735 733 736 614 738 735 739 734 740 737 741 738 742 739 743 741 744 742 745 740 746 743 747 744 748 747 751 749 752 750 755 751 758 756 760 757 761 758 764 759 765 760 767 761 768 762 769 763 770 764 773 768 785 775 787 777 788 778 792 781 793 783 794 784 795 786 798 788 800 790 801 791 804 793 805 794 806 795 807 796 811 799 812 800 816 802 817 803 818 697 819 804 820 806 821 807 822 808 823 809 824 810 825 811 827 813 828 891 830 814 831 815 832 817 833 895 834 711 835 822 837 714 838 824 842 826 844 827 851 911 852 829 855 832 856 833 862 835 865 837 866 838 867 840 868 841 870 732 873 926 876 736 877 845 879 850 880 849 881 748 884 752 885 753 887 847 888 854 890 856 891 857 892 765 896 862 897 771 898 779 900 868 901 946 904 873 906 876 908 797 911 880 912 881 918 883 920 885 923 960 927 886 928 887 929 888 931 889 936 819 938 899 940 825 
19 33 49 54 68 71 76 95 101 98 105 151 124 171 125 173 148 152 155 157 156 189 158 193 182 221 183 222 192 232 200 255 206 186 214 269 226 204 269 252 276 257 284 338 294 345 346 367 368 324 371 327 373 332 410 357 430 348 449 390 462 633 473 462 475 403 854 25 












20 33 47 54 49 55 69 71 76 95 100 98 104 151 120 171 121 173 140 147 149 157 150 189 152 193 176 221 177 222 201 186 209 269 219 283 222 204 254 232 262 252 270 257 278 338 343 367 369 324 371 327 375 332 413 357 435 348 450 390 465 633 478 462 483 403 563 258 688 623 1151 634 



























