VISDATA
134
0 0
1 0
2 0
3 0
4 0
5 24  14 13 15 27 16 28 29 11 20 32 21 35 10 37 38 39 7 40 41 133 42 43 44 132 
6 0
7 24  14 15 13 27 28 29 16 32 20 11 35 21 10 38 37 39 5 40 41 133 42 43 44 132 
8 0
9 0
10 24  15 27 28 29 14 32 20 16 35 13 21 5 7 38 37 11 39 40 41 133 42 43 44 132 
11 24  27 28 29 32 15 5 7 20 35 14 21 16 38 37 39 10 13 40 41 133 42 43 44 132 
12 0
13 24  5 7 27 28 29 32 35 20 10 15 21 38 37 39 11 16 14 40 133 41 42 43 44 132 
14 22  5 7 27 10 28 29 32 35 20 21 11 38 39 37 15 13 40 16 41 42 43 44 
15 24  7 5 10 27 28 29 11 32 20 35 21 13 38 39 37 14 40 16 41 42 133 43 44 132 
16 20  5 7 27 10 29 28 32 35 20 11 21 37 38 39 13 15 14 40 43 44 
17 0
18 0
19 0
20 20  5 7 15 10 32 29 11 13 14 35 28 16 27 38 37 39 40 21 43 44 
21 22  5 15 7 32 29 10 14 35 11 13 28 16 27 38 37 39 133 42 132 43 44 20 
22 0
23 0
24 0
25 0
26 0
27 24  13 10 7 11 14 5 15 38 16 39 37 35 40 41 42 43 20 44 32 21 29 28 133 132 
28 30  38 13 10 11 7 14 5 39 15 40 37 16 41 42 43 20 35 44 21 57 56 54 32 132 133 29 27 130 49 50 
29 30  38 13 39 10 11 7 14 15 5 40 41 42 20 16 37 43 44 21 57 56 35 54 27 132 133 130 28 49 50 32 
30 0
31 0
32 30  38 39 13 11 10 14 7 15 5 40 41 42 20 43 44 16 37 21 132 133 57 56 130 49 27 50 54 35 28 29 
33 0
34 0
35 30  39 42 40 43 41 38 44 14 13 15 11 27 10 7 20 28 5 21 16 132 133 57 56 54 130 29 49 50 37 32 
36 0
37 30  42 43 28 44 27 29 32 41 40 130 132 57 56 54 53 49 64 133 50 13 14 11 15 10 67 35 20 21 5 16 
38 30  32 29 28 43 44 42 27 35 57 56 54 41 130 15 132 14 53 20 64 49 13 40 11 50 67 133 10 7 21 5 
39 30  32 29 28 35 44 43 42 27 56 57 54 64 130 67 49 53 41 50 132 15 14 70 13 133 11 37 20 10 16 21 
40 30  32 35 29 28 27 37 44 64 67 43 130 49 70 50 38 132 133 42 53 54 56 57 39 41 15 14 13 55 11 10 
41 30  32 35 29 28 37 38 27 130 73 70 39 132 49 50 133 57 56 44 54 55 42 43 40 15 14 13 11 10 7 5 
42 30  38 35 32 37 29 39 70 28 67 73 27 66 64 50 130 57 56 49 132 75 54 76 133 40 79 63 55 44 41 81 
43 30  38 39 35 32 37 70 29 73 67 28 27 40 57 56 66 54 75 50 130 76 132 49 64 133 79 55 41 81 63 42 
44 30  38 39 35 37 32 70 29 73 28 67 40 57 56 27 54 75 66 50 76 55 130 79 49 132 133 64 41 42 81 53 
45 0
46 0
47 0
48 0
49 22  38 39 37 40 32 35 41 42 43 44 50 29 28 133 56 57 54 132 130 73 70 79 
50 18  42 40 39 38 32 35 43 37 44 41 49 29 28 133 54 132 57 130 
51 0
52 0
53 30  67 64 70 66 73 71 38 37 75 39 76 63 57 79 40 56 54 55 81 82 44 43 87 42 88 99 100 91 93 92 
54 30  67 70 73 66 64 38 71 75 63 76 39 35 79 37 44 43 32 29 81 42 82 28 40 53 41 57 87 56 88 55 
55 30  67 70 73 66 71 75 64 63 76 79 81 44 82 43 42 53 41 87 88 57 54 38 37 56 39 40 91 92 99 93 
56 30  67 70 73 38 66 64 71 39 75 63 76 44 32 35 37 79 43 29 28 42 81 82 41 53 40 87 54 88 49 57 
57 30  67 70 73 66 38 64 71 39 75 63 76 44 32 35 37 79 43 29 28 42 81 53 82 41 40 54 87 88 55 49 
58 0
59 0
60 0
61 0
62 0
63 30  73 75 76 79 70 81 57 56 82 54 55 71 87 88 53 42 67 43 91 92 99 66 97 93 98 44 100 114 103 113 
64 30  76 75 73 79 57 56 54 81 82 70 55 71 53 40 87 39 38 88 42 37 43 44 67 91 99 92 93 97 98 100 
65 0
66 30  76 75 79 73 57 56 55 54 81 82 87 53 88 42 71 70 43 44 99 91 92 97 93 98 100 63 64 103 114 67 
67 30  76 75 57 56 54 79 55 73 81 82 42 53 43 44 87 88 40 39 38 37 70 71 99 91 92 97 98 93 63 100 
68 0
69 0
70 30  76 79 75 57 81 56 54 55 82 44 43 42 87 73 64 63 88 53 66 41 40 99 98 97 39 91 92 67 100 93 
71 30  79 81 76 82 87 75 54 55 56 57 88 64 63 53 66 73 99 91 97 98 92 93 100 67 103 114 113 105 112 107 
72 0
73 30  81 82 87 79 63 88 64 57 56 54 55 66 67 44 43 70 42 91 99 97 98 92 100 93 53 76 71 41 75 103 
74 0
75 30  87 88 67 82 66 70 81 64 63 98 99 97 91 71 92 100 93 57 56 55 54 79 103 53 114 113 44 43 105 112 
76 30  87 88 67 70 66 64 97 98 99 71 91 63 92 82 81 100 93 57 56 55 54 103 114 113 105 73 112 53 44 43 
77 0
78 0
79 30  88 99 98 97 70 91 73 100 67 92 71 87 66 93 64 103 63 114 113 105 112 75 109 107 57 55 54 56 116 120 
80 0
81 30  73 99 98 97 100 91 92 75 93 70 71 103 67 66 76 88 64 105 114 113 112 63 109 107 116 118 120 87 121 117 
82 30  73 99 98 97 100 91 75 92 93 103 70 71 67 76 66 88 113 114 64 105 112 63 109 107 116 120 118 121 117 119 
83 0
84 0
85 0
86 0
87 30  76 75 100 99 73 103 98 97 93 91 79 92 105 112 113 70 114 71 109 107 67 66 116 117 118 119 120 121 64 122 
88 30  76 103 79 75 100 73 112 105 113 114 99 109 107 81 93 82 71 119 116 117 118 70 98 120 121 91 97 108 122 92 
89 0
90 0
91 30  81 82 79 87 76 109 107 75 112 105 118 119 117 103 73 113 122 116 114 108 88 121 120 123 110 124 100 127 99 98 
92 30  81 82 79 87 76 75 109 107 112 103 105 88 113 73 114 119 118 117 116 100 122 108 110 121 120 99 98 123 71 97 
93 30  81 82 87 79 76 88 75 109 107 112 73 103 105 98 118 100 119 99 113 117 114 97 116 122 108 121 110 120 123 124 
94 0
95 0
96 0
97 30  81 82 79 112 109 114 113 87 105 107 76 103 119 117 116 118 75 120 121 122 108 123 73 124 88 110 127 93 71 91 
98 30  81 112 82 109 79 114 113 105 107 87 117 116 118 119 103 76 120 122 121 108 75 123 124 110 88 73 93 127 91 92 
99 30  81 82 87 109 79 112 107 114 113 117 118 116 105 119 76 122 108 120 88 121 75 123 124 103 110 73 127 93 91 92 
100 30  87 88 81 82 109 107 79 117 118 116 119 114 112 108 122 113 121 120 123 76 105 124 75 110 127 73 91 92 93 129 
101 0
102 0
103 30  88 87 98 81 82 97 79 124 117 99 123 91 118 127 107 92 108 109 116 119 76 93 129 75 114 122 121 110 120 100 
104 0
105 30  98 97 99 88 87 100 91 81 82 127 92 129 79 124 93 76 123 75 117 73 108 107 103 118 114 116 109 119 110 113 
106 0
107 30  99 98 100 97 91 88 87 92 127 103 129 93 82 81 79 112 124 76 113 114 75 109 105 121 73 123 119 116 117 118 
108 30  100 99 98 97 127 91 103 129 88 87 92 82 81 93 79 112 113 124 114 105 76 75 123 109 73 116 121 120 122 117 
109 30  98 99 100 97 91 88 87 92 127 129 93 103 81 82 79 124 76 75 107 114 112 113 123 73 105 108 121 116 117 122 
110 30  99 98 100 91 97 88 87 92 82 81 103 127 93 79 129 76 75 114 105 113 124 112 73 107 123 116 117 108 121 120 
111 0
112 30  98 99 97 88 100 127 87 124 91 129 82 92 81 123 79 93 107 76 75 108 117 103 118 73 109 119 122 116 110 114 
113 30  98 99 97 88 100 87 127 124 82 81 91 129 79 123 92 93 76 75 108 107 103 73 117 122 118 109 119 120 116 110 
114 30  98 99 97 100 88 87 127 124 82 81 91 129 79 123 92 103 93 76 75 122 107 73 108 109 119 117 118 105 121 110 
115 0
116 30  98 99 100 97 127 129 88 91 124 103 87 81 92 82 123 93 79 76 75 122 105 119 112 73 113 120 107 108 121 114 
117 30  99 100 98 97 127 129 103 91 88 87 92 124 93 82 81 79 112 123 105 113 76 114 75 122 73 120 107 121 116 119 
118 30  99 100 98 97 127 129 91 103 88 87 92 93 124 81 82 79 123 112 113 76 105 114 120 75 73 119 122 107 121 116 
119 30  99 98 100 97 91 88 127 129 103 87 92 93 82 81 124 79 112 114 76 116 113 123 75 105 107 118 73 121 122 120 
120 30  98 99 100 97 127 129 88 91 124 87 82 81 92 103 79 93 123 76 118 75 113 116 73 114 117 122 108 119 107 112 
121 30  98 99 100 97 127 129 88 91 87 124 92 82 81 103 79 93 123 107 76 75 114 73 113 116 117 108 119 109 112 118 
122 30  99 98 100 97 127 129 91 88 87 103 92 82 81 124 93 79 114 113 116 112 76 75 123 117 73 118 120 119 108 107 
123 30  100 99 98 103 97 112 114 129 91 113 127 88 116 105 87 93 92 120 117 118 82 81 121 109 79 119 107 108 122 124 
124 30  103 112 100 114 113 99 98 116 97 105 91 120 117 118 121 88 129 109 119 122 107 108 93 92 87 127 82 81 79 110 
125 0
126 0
127 30  112 116 117 118 113 120 122 109 121 114 107 108 105 103 119 100 123 99 98 97 91 110 88 124 87 82 81 129 93 79 
128 0
129 27  117 118 116 112 122 120 121 109 113 107 119 108 114 105 123 103 100 124 99 98 110 97 91 88 127 93 92 
130 16  38 39 37 32 35 40 41 42 43 44 133 29 28 132 49 50 
131 0
132 24  35 32 38 37 40 39 41 42 43 44 29 28 130 49 27 133 50 21 15 13 11 10 7 5 
133 24  32 35 38 37 41 40 42 43 39 44 29 130 28 27 49 50 132 21 15 13 11 10 7 5 
