0 1 1.00000
0 2 0.97787
0 3 0.99712
0 4 1.00000
0 5 0.99549
0 6 0.97735
0 7 0.95337
0 8 0.94312
0 9 0.81963
0 10 0.77206
0 11 0.62963
0 12 0.75000
0 13 0.65714
0 14 0.47826
0 15 0.86111
1 2 0.99543
1 3 0.96107
1 4 1.00000
1 5 0.98464
1 6 0.98286
1 7 0.95460
1 8 0.93458
1 9 0.79426
1 10 0.69963
1 11 0.65000
1 12 0.78261
1 13 0.71852
1 14 0.60000
1 15 0.82143
2 3 0.99746
2 4 0.99838
2 5 0.97896
2 6 0.95903
2 7 0.95400
2 8 0.91295
2 9 0.76526
2 10 0.67742
2 11 0.68605
2 12 0.68182
2 13 0.66142
2 14 0.59091
2 15 0.75000
3 4 1.00000
3 5 0.99902
3 6 0.98085
3 7 0.96667
3 8 0.90586
3 9 0.76201
3 10 0.73235
3 11 0.58654
3 12 0.81818
3 13 0.67320
3 14 0.59701
3 15 0.77419
4 5 1.00000
4 6 0.99848
4 7 0.97234
4 8 0.95349
4 9 0.85049
4 10 0.78293
4 11 0.64348
4 12 0.62963
4 13 0.62500
4 14 0.53333
4 15 0.68571
5 6 0.97996
5 7 0.98570
5 8 0.97760
5 9 0.87033
5 10 0.83155
5 11 0.58586
5 12 0.58065
5 13 0.65926
5 14 0.44737
5 15 0.81250
6 7 0.99909
6 8 0.99480
6 9 0.89901
6 10 0.78231
6 11 0.61176
6 12 0.60714
6 13 0.65217
6 14 0.54167
6 15 0.73333
7 8 0.99625
7 9 0.89760
7 10 0.77500
7 11 0.59375
7 12 0.75000
7 13 0.69072
7 14 0.50943
7 15 0.75000
7 23 0.70588
8 9 0.94980
8 10 0.78775
8 11 0.59398
8 12 0.75000
8 13 0.66917
8 14 0.62069
8 15 0.76271
9 10 0.95010
9 11 0.69079
9 12 0.84091
9 13 0.67480
9 14 0.63636
9 15 0.84932
9 19 0.80952
10 11 0.78175
10 12 0.81395
10 13 0.72414
10 14 0.56522
10 15 0.63265
11 12 0.85484
11 13 0.51316
11 14 0.69620
11 15 0.72222
11 18 0.76471
12 13 0.82278
12 14 0.61111
12 15 0.73077
12 16 0.75000
12 19 0.92593
13 14 0.70635
13 15 0.72881
13 16 0.88235
13 18 0.73684
13 19 0.62857
13 23 0.87500
14 15 0.75000
14 16 0.78261
14 17 0.70588
14 18 0.76471
14 19 0.68966
15 16 0.88235
15 17 0.83871
15 18 0.87500
15 19 0.91304
15 20 0.87500
15 22 0.78947
15 23 0.78788
15 154 0.85714
15 155 0.75000
16 17 0.95890
16 18 0.91304
16 19 0.90000
16 20 0.66667
16 21 0.59259
17 18 0.97143
17 19 0.82759
17 20 0.79310
17 21 0.65000
18 19 0.96610
18 20 0.95000
18 21 0.80000
18 22 0.76471
19 20 1.00000
19 21 0.87179
19 22 0.82278
19 23 0.70213
19 25 0.57143
19 26 0.68182
20 21 0.84337
20 22 0.60000
20 23 0.61905
21 22 0.91935
21 23 0.68966
21 24 0.59091
21 25 0.52174
22 23 0.89655
22 24 0.61290
22 25 0.70370
22 26 0.70968
23 24 0.91837
23 25 0.84483
23 26 0.71642
23 27 0.93182
23 29 0.85714
23 30 0.90741
23 31 0.88636
23 32 0.95000
23 33 0.89474
24 25 0.92593
24 26 0.68571
24 27 0.61905
24 28 0.61905
25 26 0.93243
25 27 0.71111
25 28 0.60870
25 29 0.82759
25 30 0.71429
25 31 0.77778
25 32 0.90625
25 33 0.88889
26 27 0.98237
26 28 0.70370
26 29 0.64815
26 30 0.86842
26 31 0.79167
26 33 0.65000
26 34 0.80000
27 28 0.83636
27 29 0.78626
27 30 0.82564
27 31 0.84337
27 32 0.65217
27 33 0.85714
27 34 0.80488
27 35 0.66667
28 29 0.71875
28 30 0.66667
28 31 0.64706
28 32 0.61538
28 33 0.71429
28 35 0.89744
29 30 0.92737
29 31 0.93573
29 32 0.82192
29 33 0.92228
29 34 0.77778
29 35 0.93333
29 39 0.84211
30 31 0.92913
30 32 0.82759
30 33 0.90783
30 34 0.78495
30 35 0.76000
30 39 0.90909
31 32 0.99531
31 33 0.96750
31 34 0.82474
31 35 0.90217
31 36 0.87500
31 39 0.92453
32 33 0.98904
32 34 0.91270
32 35 0.88341
32 36 0.76744
32 39 0.96970
33 34 0.96000
33 35 0.90580
33 36 0.69048
33 37 0.77273
33 39 0.92424
34 35 0.97414
34 36 0.87755
34 37 0.78261
34 38 0.68421
34 39 0.90196
35 36 0.94068
35 37 0.75000
35 38 0.61905
35 39 0.92453
35 40 0.85000
36 37 0.93333
36 38 0.93548
36 39 0.82143
36 40 0.90196
36 41 0.75000
37 38 0.82759
38 39 0.82456
38 40 0.70968
39 40 0.76923
39 41 0.54545
39 42 0.51852
39 43 0.00000
39 44 0.70968
39 45 0.70588
39 47 0.89474
39 48 0.87500
40 41 0.69082
40 42 0.48387
40 43 0.69697
40 44 0.70833
41 42 0.66892
41 43 0.70000
41 44 0.57500
41 45 0.52000
41 47 0.00000
42 43 0.60952
42 44 0.54839
42 45 0.59091
42 46 0.59524
42 47 0.63636
43 44 0.71564
43 45 0.65333
43 46 0.64925
43 47 0.63830
43 49 0.55000
44 45 0.96679
44 46 0.89970
44 47 0.60000
44 48 0.62295
44 49 0.62069
44 56 0.80952
44 59 0.87097
44 60 0.91304
44 61 0.90000
44 198 0.72222
44 199 0.00000
45 46 0.95311
45 47 0.69136
45 48 0.59016
45 49 0.62963
45 56 0.96000
45 59 0.96970
45 60 0.86957
45 61 0.92593
45 198 0.65217
45 199 0.62500
46 47 0.79235
46 48 0.58571
46 49 0.67568
46 56 0.76190
46 59 0.92308
46 60 0.88889
46 61 0.91304
46 62 0.73684
46 198 0.79167
46 199 0.76471
47 48 0.91463
47 49 0.79452
47 50 0.59091
47 58 0.70000
47 198 0.79412
48 49 0.84848
48 50 0.72727
48 198 0.79167
49 50 0.65789
49 51 0.75000
49 52 0.70588
49 198 0.71429
50 51 0.64615
50 52 0.55556
51 52 0.60000
51 53 0.68750
52 53 0.57143
52 54 0.67647
52 55 0.81818
52 56 0.55000
53 54 0.78462
53 55 0.48438
53 56 0.46809
53 57 0.48485
53 58 0.46154
53 59 0.63636
53 60 0.58824
54 55 0.88312
54 56 0.91667
54 57 0.85366
54 58 0.92308
55 56 0.82203
55 57 0.82278
55 58 0.70000
55 59 0.64103
55 60 0.61905
55 63 0.75000
55 68 0.70000
56 57 0.83060
56 58 0.66667
56 59 0.80000
56 60 0.83803
56 61 0.93103
56 62 0.94245
56 63 0.88636
56 66 0.82609
56 69 0.90476
57 58 0.93893
57 59 0.75229
57 60 0.76119
57 61 0.85417
57 62 0.90323
57 63 0.94340
57 66 0.76190
57 71 0.90000
58 59 0.95135
58 60 0.87245
58 61 0.85455
58 62 0.87013
58 63 0.84375
58 66 0.77358
58 69 0.80952
59 60 0.93907
59 61 0.94118
59 62 0.93171
59 63 0.85185
59 66 0.85714
59 69 0.90769
59 72 0.88462
60 61 0.94052
60 62 0.91333
60 63 0.86957
60 66 0.80000
60 69 0.85714
60 70 0.73684
60 72 0.78947
61 62 0.92857
61 63 0.81356
61 66 0.80000
61 69 0.91549
61 70 0.80000
61 72 0.89474
62 63 0.89320
62 64 0.78947
62 66 0.82143
62 67 0.73684
62 68 0.61111
62 69 0.92453
62 70 0.82609
62 71 0.87500
62 72 0.90000
63 64 0.65385
63 65 0.68421
63 66 0.81818
63 67 0.79310
63 68 0.81818
63 69 0.80952
63 70 0.81250
63 71 0.89655
63 72 0.81250
64 65 0.86047
64 66 0.87500
65 66 0.75439
65 67 0.59459
65 68 0.60000
66 67 0.74359
66 68 0.54348
66 69 0.85484
66 70 0.95714
66 71 0.82143
66 72 0.87879
66 75 0.83333
66 192 0.68750
67 68 0.67708
67 69 0.60606
67 70 0.70588
67 73 0.90000
67 75 0.76471
68 69 0.51667
68 70 0.60714
68 71 0.66667
68 73 0.94737
68 75 0.76471
69 70 0.79412
69 71 0.93651
69 72 0.93370
69 75 0.87500
69 76 0.93750
69 77 0.92683
69 78 0.95122
69 80 0.89474
69 81 0.95000
70 71 0.81159
70 72 0.69767
70 73 0.72727
70 74 0.68750
70 75 0.90000
70 76 0.89744
70 77 0.80000
70 78 0.78261
70 79 0.80952
71 72 0.89610
71 73 0.80769
71 75 0.90909
71 76 0.72549
71 77 0.93617
71 78 0.90323
71 79 0.97222
71 80 0.91667
72 73 0.82500
72 74 0.64706
72 75 0.91304
72 76 0.90244
72 77 0.91566
72 78 0.93333
72 79 0.89744
72 80 0.92857
72 81 0.98077
73 74 0.78261
73 75 0.64865
74 75 0.60870
75 76 0.80000
75 77 0.90698
75 78 0.85714
75 79 0.92857
76 77 0.90404
76 78 0.83439
76 79 0.84416
76 80 0.96000
76 81 0.90000
76 82 0.91304
76 84 0.80000
76 89 0.64706
77 78 0.86458
77 79 0.96988
77 80 0.97872
77 81 0.96429
77 82 0.94340
77 83 0.89655
77 84 0.86957
78 79 0.82432
78 80 0.96804
78 81 0.90157
78 82 0.95000
78 83 0.89655
78 84 0.87097
78 85 0.77778
78 88 0.87500
79 80 0.85366
79 81 0.90000
79 82 0.97872
79 83 0.93671
79 84 0.95652
79 85 0.90000
79 86 0.94444
80 81 0.89286
80 82 0.92105
80 83 0.92771
80 84 0.89091
80 85 0.93333
80 86 0.96296
80 88 0.91176
80 90 0.68750
81 82 0.89362
81 83 0.91579
81 84 0.88776
81 85 0.89189
81 86 0.85714
81 87 0.64706
81 88 0.91667
81 89 0.84848
81 90 0.95238
81 92 0.83333
82 83 0.83186
82 84 0.89286
82 85 0.86538
82 86 0.84000
82 88 0.95455
82 89 0.94118
82 90 0.95000
83 84 0.84444
83 85 0.82456
83 86 0.87302
83 87 0.93023
83 88 0.89873
83 89 0.95918
83 90 1.00000
83 91 0.91429
83 92 0.89474
83 94 0.83333
84 85 0.84000
84 86 0.84211
84 87 0.75472
84 88 0.89147
84 89 0.92667
84 90 0.88889
84 91 0.90196
84 92 0.92308
84 94 0.68750
85 86 0.81443
85 87 0.65854
85 88 0.83721
85 89 0.86441
85 90 0.91176
85 91 0.86957
86 87 0.84884
86 88 0.84314
86 89 0.89437
86 90 0.86813
86 91 0.90769
86 92 0.92157
86 94 0.81250
87 88 0.82857
87 89 0.71233
87 90 0.79245
87 91 0.78182
87 92 0.82500
87 94 0.79310
88 89 0.84562
88 90 0.63905
88 91 0.71277
88 92 0.80385
88 94 0.78788
88 95 0.47619
88 96 0.52174
88 99 0.69231
88 100 0.65385
88 101 0.80556
88 102 0.78261
89 90 0.85762
89 91 0.73333
89 92 0.70833
89 94 0.63889
89 95 0.42308
89 96 0.44186
89 99 0.61290
89 100 0.70968
89 101 0.78125
89 102 0.75000
89 103 0.64706
90 91 0.82875
90 92 0.64535
90 93 0.76471
90 94 0.65854
90 95 0.48387
90 96 0.48000
90 99 0.50000
90 100 0.72414
90 101 0.61111
90 102 0.77778
90 103 0.60870
90 104 0.61111
91 92 0.81641
91 93 0.64000
91 94 0.52308
91 95 0.43750
91 96 0.42553
91 97 0.00000
91 99 0.60784
91 100 0.67500
91 101 0.58491
91 102 0.71111
91 103 0.65625
91 104 0.77778
92 93 0.74074
92 94 0.58140
92 95 0.41667
92 96 0.48438
92 97 0.50000
92 99 0.51648
92 100 0.63265
92 101 0.71605
92 102 0.77966
92 103 0.64706
92 104 0.68421
92 105 0.91667
93 94 0.65116
93 95 0.63636
93 96 0.66667
93 97 0.41667
93 98 0.00000
94 95 0.70256
94 96 0.48387
94 97 0.46809
94 98 0.00000
94 99 0.74118
94 100 0.71186
94 101 0.81633
94 102 0.80488
94 103 0.83333
95 96 0.71523
95 97 0.61538
95 98 0.55000
95 99 0.74627
95 100 0.69412
95 101 0.75000
95 102 0.65714
95 103 0.80952
96 97 0.80000
96 98 0.72727
96 99 0.67568
96 100 0.70833
96 101 0.80000
96 102 0.60000
96 103 0.65000
96 104 0.58824
97 98 0.83019
97 99 0.77143
97 100 0.64000
97 101 0.68750
97 102 0.66667
98 99 0.68000
98 100 0.62500
99 100 0.96078
99 101 0.79655
99 102 0.75943
99 103 0.77099
99 104 0.68421
99 105 0.77647
99 106 0.82143
99 114 0.52381
100 101 0.78322
100 102 0.68687
100 103 0.70588
100 104 0.66667
100 105 0.67742
100 106 0.88889
101 102 0.86316
101 103 0.76056
101 104 0.65079
101 105 0.77193
101 106 0.78378
102 103 0.80000
102 104 0.67606
102 105 0.75862
102 106 0.75000
102 114 0.58824
103 104 0.79545
103 105 0.72441
103 106 0.81395
103 111 0.00000
104 105 0.77333
104 106 0.60606
105 106 0.89516
105 107 0.51064
105 108 0.52632
105 110 0.00000
105 111 0.43478
105 112 0.50000
105 114 0.65455
105 115 0.65625
105 118 0.64706
106 107 0.69767
106 108 0.62857
106 109 0.00000
106 110 0.82500
106 111 0.61905
106 112 0.84848
106 114 0.80488
106 115 0.77143
107 108 0.63736
107 109 0.50000
107 110 0.64286
107 111 0.58974
107 112 0.56667
107 113 0.62500
107 114 0.55000
107 115 0.76000
107 116 0.00000
108 109 0.59677
108 110 0.57143
108 111 0.65909
108 112 0.70588
108 113 0.55556
108 114 0.69697
108 115 0.75000
108 116 0.66667
108 118 0.62500
109 110 0.84483
109 111 0.91525
109 112 0.84314
109 113 0.87500
109 114 0.97561
109 115 0.95000
109 116 0.89474
109 117 0.84211
109 118 0.85714
109 122 0.70588
110 111 0.84358
110 112 0.96981
110 113 0.60000
110 114 0.87006
110 115 0.90977
110 116 1.00000
110 117 0.97015
110 118 0.72611
110 119 0.68750
110 120 0.64000
110 121 0.55769
110 122 0.69444
110 124 0.66667
110 125 0.64706
111 112 0.94928
111 113 0.72414
111 114 0.84956
111 115 0.85526
111 116 0.95833
111 117 0.89130
111 118 0.73611
111 119 0.66667
111 120 0.61290
111 121 0.81481
111 122 0.73171
111 124 0.70455
111 125 0.58824
112 113 0.82857
112 114 0.97021
112 115 0.98601
112 116 0.98305
112 117 0.91667
112 118 0.70732
112 119 0.70588
112 120 0.64912
112 121 0.52830
112 122 0.60976
112 123 0.76471
112 124 0.67857
112 125 0.70588
113 114 0.89189
113 115 0.84615
113 116 0.76471
114 115 0.98522
114 116 0.86207
114 117 0.82051
114 118 0.65909
114 119 0.68627
114 120 0.66667
114 121 0.66129
114 122 0.58621
114 124 0.50000
114 125 0.64286
115 116 0.94253
115 117 0.85714
115 118 0.69378
115 119 0.55385
115 120 0.55224
115 121 0.61905
115 122 0.55814
115 123 0.70588
115 124 0.60870
115 125 0.81818
116 117 0.97143
116 118 0.95238
116 119 0.78049
116 120 0.59259
116 121 0.79310
116 123 0.72000
116 125 0.66667
117 118 0.90909
117 119 0.80488
117 120 0.75000
117 121 0.69231
117 122 0.65000
117 123 0.75000
118 119 0.83929
118 120 0.69872
118 121 0.72222
118 122 0.74359
118 123 0.82353
118 124 0.75000
118 125 0.81818
118 127 0.55556
119 120 0.87619
119 121 0.90476
119 122 0.80392
119 123 0.96610
119 124 0.92308
119 125 0.81667
119 127 0.77273
120 121 0.98758
120 122 0.96774
120 123 0.94444
120 124 0.83673
120 125 0.83529
120 127 0.82432
120 128 0.59459
121 122 1.00000
121 123 0.98462
121 124 0.96296
121 125 0.85870
121 126 0.70588
121 127 0.77551
121 128 0.75000
122 123 0.97500
122 124 0.99107
122 125 0.90000
122 126 0.76190
122 127 0.61290
123 124 0.97872
123 125 0.85714
123 126 0.70000
123 127 0.76923
124 125 0.87273
124 126 0.80952
124 127 0.60714
125 126 0.81250
125 127 0.81333
125 128 0.72000
125 130 0.82857
126 127 0.81250
127 128 0.87791
127 129 0.68750
127 130 0.70833
128 129 0.72222
128 130 0.78000
128 131 0.70000
129 130 0.80952
130 131 0.76744
130 132 0.55000
130 133 0.56522
131 132 0.86667
131 133 0.72222
132 133 0.75000
132 135 0.73684
133 134 0.69565
133 135 0.73684
134 135 0.86364
134 136 0.77778
135 136 0.81818
135 137 0.63158
136 137 0.75676
136 139 0.55000
137 139 0.57143
139 140 0.75000
140 141 0.65625
141 142 0.50000
154 155 0.90000
155 156 0.84211
155 157 0.79167
164 165 0.92000
164 166 0.75000
164 167 0.61905
165 166 0.77778
165 167 0.89474
166 167 0.83333
170 172 0.77778
170 173 0.76471
171 172 0.83333
171 173 0.56000
171 174 0.62500
171 175 0.61111
171 176 0.57895
172 173 0.84615
172 174 0.87500
172 175 0.76000
173 174 0.79412
173 175 0.65517
174 175 0.87500
174 176 0.60000
175 176 0.76119
175 177 0.61111
175 178 0.82857
176 177 0.75000
176 178 0.95833
177 178 0.68750
178 179 0.88000
178 180 0.84211
179 180 0.81250
180 181 0.91429
180 182 0.78571
180 183 0.58824
181 182 0.81579
181 183 0.72727
181 184 0.57143
182 183 0.84946
182 184 0.66129
183 184 0.76768
183 186 0.67857
183 188 0.72222
184 186 0.78571
184 188 0.66667
186 187 0.90909
186 188 0.79167
186 189 0.00000
187 188 0.84375
188 189 0.90000
191 192 0.63636
192 193 0.71429
195 196 0.68421
196 197 0.61765
196 198 0.62500
197 198 0.83721
197 199 0.70588
198 199 0.73913
