10
68
0 1
8.384083e-01 -2.037497e-02 2.277364e+02 7.951701e-03 8.257299e-01 1.345606e+01 2.833104e-04 1.744062e-05 1.000000e+00
0.000000e+00 0.000000e+00 0.000000e+00 0.000000e+00 0.000000e+00 0.000000e+00 0.000000e+00 0.000000e+00 0.000000e+00
7.7083333333333337e-01
37
0
0 3
1.100210e+00 -1.092846e-01 1.542798e+01 1.034486e-01 1.077175e+00 -5.052025e+01 -5.052499e-05 -4.109896e-06 1.000000e+00
0.000000e+00 0.000000e+00 0.000000e+00 0.000000e+00 0.000000e+00 0.000000e+00 0.000000e+00 0.000000e+00 0.000000e+00
9.5698924731182800e-01
89
0
0 4
1.081953e+00 -2.240711e-02 -3.451794e+01 2.566367e-02 1.073624e+00 -2.757970e+01 -7.067567e-05 1.453118e-06 1.000000e+00
0.000000e+00 0.000000e+00 0.000000e+00 0.000000e+00 0.000000e+00 0.000000e+00 0.000000e+00 0.000000e+00 0.000000e+00
7.7401129943502822e-01
137
0
0 5
9.194679e-01 -1.559908e-02 1.150375e+02 8.005197e-03 9.144063e-01 8.374254e+00 1.181260e-04 5.149821e-06 1.000000e+00
0.000000e+00 0.000000e+00 0.000000e+00 0.000000e+00 0.000000e+00 0.000000e+00 0.000000e+00 0.000000e+00 0.000000e+00
9.1379310344827591e-01
106
0
0 6
7.910339e-01 1.481006e-03 3.348367e+02 1.384193e-02 7.704486e-01 1.115151e+01 3.887889e-04 7.115401e-05 1.000000e+00
0.000000e+00 0.000000e+00 0.000000e+00 0.000000e+00 0.000000e+00 0.000000e+00 0.000000e+00 0.000000e+00 0.000000e+00
6.7857142857142860e-01
19
0
0 7
8.259593e-01 -2.215077e-02 -6.453599e+01 3.513375e-02 8.262366e-01 3.960869e+01 -2.979219e-05 -3.153590e-05 1.000000e+00
0.000000e+00 0.000000e+00 0.000000e+00 0.000000e+00 0.000000e+00 0.000000e+00 0.000000e+00 0.000000e+00 0.000000e+00
7.5757575757575757e-01
25
0
0 8
1.034817e+00 -5.852673e-02 4.263478e+01 9.686576e-02 1.042693e+00 9.177666e+01 -3.520378e-05 -1.788706e-05 1.000000e+00
0.000000e+00 0.000000e+00 0.000000e+00 0.000000e+00 0.000000e+00 0.000000e+00 0.000000e+00 0.000000e+00 0.000000e+00
6.9590643274853803e-01
119
0
0 9
1.085883e+00 -9.951046e-02 2.140657e+00 1.007304e-01 1.095024e+00 3.936887e+01 -1.666866e-05 1.362821e-05 1.000000e+00
0.000000e+00 0.000000e+00 0.000000e+00 0.000000e+00 0.000000e+00 0.000000e+00 0.000000e+00 0.000000e+00 0.000000e+00
8.1283422459893051e-01
152
0
1 0
1.291972e+00 3.810493e-02 -2.947419e+02 -6.478617e-03 1.211203e+00 -1.482260e+01 -3.659163e-04 -3.191966e-05 1.083762e+00
0.000000e+00 0.000000e+00 0.000000e+00 0.000000e+00 0.000000e+00 0.000000e+00 0.000000e+00 0.000000e+00 0.000000e+00
0.0000000000000000e+00
0
0
1 3
1.296671e+00 -6.682187e-02 -2.780261e+02 1.423420e-01 1.175944e+00 -9.273758e+01 -4.625482e-04 1.171186e-05 1.000000e+00
0.000000e+00 0.000000e+00 0.000000e+00 0.000000e+00 0.000000e+00 0.000000e+00 0.000000e+00 0.000000e+00 0.000000e+00
7.5862068965517238e-01
22
0
1 4
1.288194e+00 2.377919e-02 -3.237846e+02 4.349495e-02 1.179175e+00 -5.051527e+01 -4.167116e-04 -2.934108e-05 1.000000e+00
0.000000e+00 0.000000e+00 0.000000e+00 0.000000e+00 0.000000e+00 0.000000e+00 0.000000e+00 0.000000e+00 0.000000e+00
7.1666666666666667e-01
43
0
1 5
1.091272e+00 1.527102e-02 -1.384669e+02 -5.831049e-04 1.062962e+00 -6.703921e+00 -1.243285e-04 9.430863e-06 1.000000e+00
0.000000e+00 0.000000e+00 0.000000e+00 0.000000e+00 0.000000e+00 0.000000e+00 0.000000e+00 0.000000e+00 0.000000e+00
8.9010989010989006e-01
81
0
1 6
9.161716e-01 4.364110e-02 1.338916e+02 2.534231e-03 9.214857e-01 -4.664595e+00 9.772438e-05 1.671047e-04 1.000000e+00
0.000000e+00 0.000000e+00 0.000000e+00 0.000000e+00 0.000000e+00 0.000000e+00 0.000000e+00 0.000000e+00 0.000000e+00
7.1428571428571430e-01
35
0
1 7
0.000000e+00 0.000000e+00 0.000000e+00 0.000000e+00 0.000000e+00 0.000000e+00 0.000000e+00 0.000000e+00 0.000000e+00
0.000000e+00 0.000000e+00 0.000000e+00 0.000000e+00 0.000000e+00 0.000000e+00 0.000000e+00 0.000000e+00 0.000000e+00
0.0000000000000000e+00
0
0
1 8
1.171492e+00 -1.360308e-01 -2.383106e+02 6.795850e-02 1.134443e+00 5.072091e+01 -2.504729e-04 2.099260e-04 1.000000e+00
0.000000e+00 0.000000e+00 0.000000e+00 0.000000e+00 0.000000e+00 0.000000e+00 0.000000e+00 0.000000e+00 0.000000e+00
6.9999999999999996e-01
35
0
1 9
1.297659e+00 -7.462100e-02 -2.921404e+02 1.087826e-01 1.190302e+00 -5.651045e+00 -4.368256e-04 -4.243913e-05 1.000000e+00
0.000000e+00 0.000000e+00 0.000000e+00 0.000000e+00 0.000000e+00 0.000000e+00 0.000000e+00 0.000000e+00 0.000000e+00
6.9491525423728817e-01
41
0
2 6
1.031407e+00 9.457955e-03 3.658556e+01 1.275284e-02 1.026026e+00 -1.055979e+01 -1.308872e-04 3.400192e-05 1.000000e+00
0.000000e+00 0.000000e+00 0.000000e+00 0.000000e+00 0.000000e+00 0.000000e+00 0.000000e+00 0.000000e+00 0.000000e+00
3.7142857142857144e-01
13
0
2 7
1.060334e+00 -5.011826e-02 3.125305e+02 4.999413e-03 9.229794e-01 -1.652867e+01 3.031796e-04 -1.069974e-04 1.000000e+00
0.000000e+00 0.000000e+00 0.000000e+00 0.000000e+00 0.000000e+00 0.000000e+00 0.000000e+00 0.000000e+00 0.000000e+00
4.5454545454545453e-01
20
0
3 0
8.999104e-01 9.126489e-02 -9.273074e+00 -8.430839e-02 9.199831e-01 4.777848e+01 4.512146e-05 8.392192e-06 9.997278e-01
0.000000e+00 0.000000e+00 0.000000e+00 0.000000e+00 0.000000e+00 0.000000e+00 0.000000e+00 0.000000e+00 0.000000e+00
0.0000000000000000e+00
0
0
3 1
8.521941e-01 4.602286e-02 2.412003e+02 -7.200126e-02 8.457075e-01 5.841063e+01 3.950241e-04 1.138299e-05 1.110883e+00
0.000000e+00 0.000000e+00 0.000000e+00 0.000000e+00 0.000000e+00 0.000000e+00 0.000000e+00 0.000000e+00 0.000000e+00
0.0000000000000000e+00
0
0
3 4
9.771681e-01 7.833438e-02 -4.517537e+01 -7.422821e-02 9.912893e-01 2.205451e+01 -2.387013e-05 -1.373619e-06 1.000000e+00
0.000000e+00 0.000000e+00 0.000000e+00 0.000000e+00 0.000000e+00 0.000000e+00 0.000000e+00 0.000000e+00 0.000000e+00
9.6446700507614214e-01
190
0
3 5
8.089266e-01 5.227816e-02 1.004323e+02 -7.774879e-02 8.193329e-01 4.826913e+01 2.232113e-04 8.004160e-05 1.000000e+00
0.000000e+00 0.000000e+00 0.000000e+00 0.000000e+00 0.000000e+00 0.000000e+00 0.000000e+00 0.000000e+00 0.000000e+00
9.4117647058823528e-01
32
0
3 8
9.200541e-01 1.407974e-02 2.527745e+01 2.218179e-03 9.497580e-01 1.374400e+02 4.729211e-05 4.782990e-05 1.000000e+00
0.000000e+00 0.000000e+00 0.000000e+00 0.000000e+00 0.000000e+00 0.000000e+00 0.000000e+00 0.000000e+00 0.000000e+00
9.0697674418604646e-01
78
0
3 9
9.954595e-01 5.339734e-03 -1.287247e+01 1.253926e-02 1.017881e+00 9.226412e+01 -5.469645e-06 2.517407e-05 1.000000e+00
0.000000e+00 0.000000e+00 0.000000e+00 0.000000e+00 0.000000e+00 0.000000e+00 0.000000e+00 0.000000e+00 0.000000e+00
8.9759036144578308e-01
149
0
4 0
9.259201e-01 1.928048e-02 3.249260e+01 -2.045118e-02 9.309644e-01 2.496979e+01 6.546974e-05 9.860079e-09 1.002260e+00
0.000000e+00 0.000000e+00 0.000000e+00 0.000000e+00 0.000000e+00 0.000000e+00 0.000000e+00 0.000000e+00 0.000000e+00
0.0000000000000000e+00
0
0
4 1
8.673052e-01 -1.051569e-02 2.802889e+02 -1.652924e-02 8.493184e-01 3.755163e+01 3.609312e-04 2.053791e-05 1.117901e+00
0.000000e+00 0.000000e+00 0.000000e+00 0.000000e+00 0.000000e+00 0.000000e+00 0.000000e+00 0.000000e+00 0.000000e+00
0.0000000000000000e+00
0
0
4 3
1.018424e+00 -8.041244e-02 4.778114e+01 7.571692e-02 1.002778e+00 -1.869524e+01 2.441393e-05 -5.420202e-07 1.001115e+00
0.000000e+00 0.000000e+00 0.000000e+00 0.000000e+00 0.000000e+00 0.000000e+00 0.000000e+00 0.000000e+00 0.000000e+00
0.0000000000000000e+00
0
0
4 5
8.497325e-01 2.733384e-03 1.433435e+02 -8.657292e-03 8.411069e-01 3.107010e+01 1.702854e-04 -6.980998e-06 1.000000e+00
0.000000e+00 0.000000e+00 0.000000e+00 0.000000e+00 0.000000e+00 0.000000e+00 0.000000e+00 0.000000e+00 0.000000e+00
9.3333333333333335e-01
56
0
4 6
6.753702e-01 2.444237e-01 3.500817e+02 -1.138205e-02 5.721812e-01 1.865766e+01 4.531959e-04 7.971508e-04 1.000000e+00
0.000000e+00 0.000000e+00 0.000000e+00 0.000000e+00 0.000000e+00 0.000000e+00 0.000000e+00 0.000000e+00 0.000000e+00
6.5217391304347827e-01
15
0
4 7
7.448567e-01 4.259433e-03 -3.809606e+01 8.225571e-03 7.702700e-01 6.140906e+01 8.966214e-05 -4.346365e-05 1.000000e+00
0.000000e+00 0.000000e+00 0.000000e+00 0.000000e+00 0.000000e+00 0.000000e+00 0.000000e+00 0.000000e+00 0.000000e+00
6.8965517241379315e-01
20
0
4 8
9.405324e-01 -5.759813e-02 6.990402e+01 7.448350e-02 9.512252e-01 1.191540e+02 7.249017e-05 3.609946e-05 1.000000e+00
0.000000e+00 0.000000e+00 0.000000e+00 0.000000e+00 0.000000e+00 0.000000e+00 0.000000e+00 0.000000e+00 0.000000e+00
6.7586206896551726e-01
98
0
4 9
1.076892e+00 -7.312802e-02 4.131158e+01 6.284031e-02 1.046808e+00 6.913184e+01 -1.296145e-04 1.396855e-05 1.000000e+00
0.000000e+00 0.000000e+00 0.000000e+00 0.000000e+00 0.000000e+00 0.000000e+00 0.000000e+00 0.000000e+00 0.000000e+00
8.1938325991189431e-01
186
0
5 0
1.103749e+00 1.954513e-02 -1.271361e+02 -8.469150e-03 1.093507e+00 -8.183039e+00 -1.303379e-04 -7.940157e-06 1.015060e+00
0.000000e+00 0.000000e+00 0.000000e+00 0.000000e+00 0.000000e+00 0.000000e+00 0.000000e+00 0.000000e+00 0.000000e+00
0.0000000000000000e+00
0
0
5 1
9.310307e-01 -1.451856e-02 1.288196e+02 1.240697e-03 9.406925e-01 6.478124e+00 1.157420e-04 -1.067661e-05 1.015955e+00
0.000000e+00 0.000000e+00 0.000000e+00 0.000000e+00 0.000000e+00 0.000000e+00 0.000000e+00 0.000000e+00 0.000000e+00
0.0000000000000000e+00
0
0
5 3
1.263725e+00 -6.855738e-02 -1.236095e+02 1.371832e-01 1.218845e+00 -7.261023e+01 -2.930581e-04 -8.225555e-05 1.033403e+00
0.000000e+00 0.000000e+00 0.000000e+00 0.000000e+00 0.000000e+00 0.000000e+00 0.000000e+00 0.000000e+00 0.000000e+00
0.0000000000000000e+00
0
0
5 4
1.211556e+00 -5.377273e-03 -1.735016e+02 2.008605e-02 1.188514e+00 -3.980645e+01 -2.061700e-04 9.212684e-06 1.029267e+00
0.000000e+00 0.000000e+00 0.000000e+00 0.000000e+00 0.000000e+00 0.000000e+00 0.000000e+00 0.000000e+00 0.000000e+00
0.0000000000000000e+00
0
0
5 6
8.592374e-01 -1.265115e-02 2.458107e+02 2.320733e-03 8.552188e-01 1.865155e+00 2.886029e-04 6.422628e-05 1.000000e+00
0.000000e+00 0.000000e+00 0.000000e+00 0.000000e+00 0.000000e+00 0.000000e+00 0.000000e+00 0.000000e+00 0.000000e+00
7.2727272727272729e-01
24
0
5 7
9.182292e-01 1.726399e-02 3.153462e+01 3.005062e-02 9.634807e-01 2.642887e+01 2.092760e-05 -3.951279e-04 1.000000e+00
0.000000e+00 0.000000e+00 0.000000e+00 0.000000e+00 0.000000e+00 0.000000e+00 0.000000e+00 0.000000e+00 0.000000e+00
2.9411764705882354e-01
10
0
5 8
1.110424e+00 -8.012927e-02 -8.870581e+01 8.784673e-02 1.109579e+00 7.038633e+01 -1.729309e-04 3.740265e-05 1.000000e+00
0.000000e+00 0.000000e+00 0.000000e+00 0.000000e+00 0.000000e+00 0.000000e+00 0.000000e+00 0.000000e+00 0.000000e+00
9.4936708860759489e-01
75
0
5 9
1.206709e+00 -9.416849e-02 -1.348013e+02 1.052290e-01 1.171826e+00 1.704892e+01 -2.357226e-04 -1.727701e-05 1.000000e+00
0.000000e+00 0.000000e+00 0.000000e+00 0.000000e+00 0.000000e+00 0.000000e+00 0.000000e+00 0.000000e+00 0.000000e+00
9.4382022471910110e-01
84
0
6 0
1.512564e+00 4.391146e-02 -5.069515e+02 -1.868234e-02 1.298741e+00 -8.227389e+00 -5.867387e-04 -1.094829e-04 1.197683e+00
0.000000e+00 0.000000e+00 0.000000e+00 0.000000e+00 0.000000e+00 0.000000e+00 0.000000e+00 0.000000e+00 0.000000e+00
0.0000000000000000e+00
0
0
6 1
1.107397e+00 -2.553630e-02 -1.483903e+02 -3.590293e-03 1.084370e+00 5.538856e+00 -1.076198e-04 -1.787077e-04 1.013576e+00
0.000000e+00 0.000000e+00 0.000000e+00 0.000000e+00 0.000000e+00 0.000000e+00 0.000000e+00 0.000000e+00 0.000000e+00
0.0000000000000000e+00
0
0
6 2
9.651537e-01 -7.723954e-03 -3.539225e+01 -1.069236e-02 9.743791e-01 1.068042e+01 1.266898e-04 -3.414173e-05 9.950045e-01
0.000000e+00 0.000000e+00 0.000000e+00 0.000000e+00 0.000000e+00 0.000000e+00 0.000000e+00 0.000000e+00 0.000000e+00
0.0000000000000000e+00
0
0
6 4
1.939934e+00 1.205928e-01 -6.813854e+02 6.905280e-02 1.798632e+00 -5.773238e+01 -9.342156e-04 -1.488433e-03 1.354822e+00
0.000000e+00 0.000000e+00 0.000000e+00 0.000000e+00 0.000000e+00 0.000000e+00 0.000000e+00 0.000000e+00 0.000000e+00
0.0000000000000000e+00
0
0
6 5
1.268464e+00 4.218624e-02 -3.118808e+02 -2.644098e-03 1.169367e+00 -1.531103e+00 -3.659127e-04 -8.727919e-05 1.090108e+00
0.000000e+00 0.000000e+00 0.000000e+00 0.000000e+00 0.000000e+00 0.000000e+00 0.000000e+00 0.000000e+00 0.000000e+00
0.0000000000000000e+00
0
0
6 7
0.000000e+00 0.000000e+00 0.000000e+00 0.000000e+00 0.000000e+00 0.000000e+00 0.000000e+00 0.000000e+00 0.000000e+00
0.000000e+00 0.000000e+00 0.000000e+00 0.000000e+00 0.000000e+00 0.000000e+00 0.000000e+00 0.000000e+00 0.000000e+00
0.0000000000000000e+00
0
0
6 9
0.000000e+00 0.000000e+00 0.000000e+00 0.000000e+00 0.000000e+00 0.000000e+00 0.000000e+00 0.000000e+00 0.000000e+00
0.000000e+00 0.000000e+00 0.000000e+00 0.000000e+00 0.000000e+00 0.000000e+00 0.000000e+00 0.000000e+00 0.000000e+00
0.0000000000000000e+00
0
0
7 0
1.211977e+00 3.542399e-02 7.681305e+01 -5.318699e-02 1.206925e+00 -5.123721e+01 3.443015e-05 3.911684e-05 1.000673e+00
0.000000e+00 0.000000e+00 0.000000e+00 0.000000e+00 0.000000e+00 0.000000e+00 0.000000e+00 0.000000e+00 0.000000e+00
0.0000000000000000e+00
0
0
7 1
0.000000e+00 0.000000e+00 0.000000e+00 0.000000e+00 0.000000e+00 0.000000e+00 0.000000e+00 0.000000e+00 0.000000e+00
0.000000e+00 0.000000e+00 0.000000e+00 0.000000e+00 0.000000e+00 0.000000e+00 0.000000e+00 0.000000e+00 0.000000e+00
0.0000000000000000e+00
0
0
7 2
1.035451e+00 1.874660e-02 -3.233002e+02 -1.125199e-02 1.085324e+00 2.145555e+01 -3.151316e-04 1.104433e-04 1.100314e+00
0.000000e+00 0.000000e+00 0.000000e+00 0.000000e+00 0.000000e+00 0.000000e+00 0.000000e+00 0.000000e+00 0.000000e+00
0.0000000000000000e+00
0
0
7 4
1.336428e+00 -4.501747e-03 5.118908e+01 -4.702079e-03 1.293779e+00 -7.962887e+01 -1.200314e-04 5.663599e-05 9.919493e-01
0.000000e+00 0.000000e+00 0.000000e+00 0.000000e+00 0.000000e+00 0.000000e+00 0.000000e+00 0.000000e+00 0.000000e+00
0.0000000000000000e+00
0
0
7 5
1.090906e+00 -3.329453e-02 -3.352138e+01 -3.304062e-02 1.027783e+00 -2.612123e+01 -3.588533e-05 4.068026e-04 9.903803e-01
0.000000e+00 0.000000e+00 0.000000e+00 0.000000e+00 0.000000e+00 0.000000e+00 0.000000e+00 0.000000e+00 0.000000e+00
0.0000000000000000e+00
0
0
7 6
0.000000e+00 0.000000e+00 0.000000e+00 0.000000e+00 0.000000e+00 0.000000e+00 0.000000e+00 0.000000e+00 0.000000e+00
0.000000e+00 0.000000e+00 0.000000e+00 0.000000e+00 0.000000e+00 0.000000e+00 0.000000e+00 0.000000e+00 0.000000e+00
0.0000000000000000e+00
0
0
7 9
1.331805e+00 -1.007714e-01 9.125196e+01 7.308831e-02 1.342318e+00 -7.022956e+00 -5.480446e-06 1.659829e-04 1.000000e+00
0.000000e+00 0.000000e+00 0.000000e+00 0.000000e+00 0.000000e+00 0.000000e+00 0.000000e+00 0.000000e+00 0.000000e+00
7.0588235294117652e-01
12
0
8 0
9.598272e-01 5.308987e-02 -4.579443e+01 -9.199687e-02 9.524593e-01 -8.349127e+01 3.214399e-05 1.890566e-05 9.968944e-01
0.000000e+00 0.000000e+00 0.000000e+00 0.000000e+00 0.000000e+00 0.000000e+00 0.000000e+00 0.000000e+00 0.000000e+00
0.0000000000000000e+00
0
0
8 1
8.944743e-01 6.845343e-02 2.096907e+02 -6.420270e-02 8.849279e-01 -6.018454e+01 2.375194e-04 -1.686237e-04 1.065156e+00
0.000000e+00 0.000000e+00 0.000000e+00 0.000000e+00 0.000000e+00 0.000000e+00 0.000000e+00 0.000000e+00 0.000000e+00
0.0000000000000000e+00
0
0
8 3
1.088237e+00 -1.485012e-02 -2.546687e+01 4.940130e-03 1.060171e+00 -1.458348e+02 -5.170133e-05 -5.000557e-05 1.008180e+00
0.000000e+00 0.000000e+00 0.000000e+00 0.000000e+00 0.000000e+00 0.000000e+00 0.000000e+00 0.000000e+00 0.000000e+00
0.0000000000000000e+00
0
0
8 4
1.064231e+00 6.756963e-02 -8.244521e+01 -7.400315e-02 1.051353e+00 -1.200998e+02 -7.447481e-05 -4.285140e-05 1.010312e+00
0.000000e+00 0.000000e+00 0.000000e+00 0.000000e+00 0.000000e+00 0.000000e+00 0.000000e+00 0.000000e+00 0.000000e+00
0.0000000000000000e+00
0
0
8 5
9.074206e-01 6.296624e-02 7.606151e+01 -8.199042e-02 8.976964e-01 -7.045859e+01 1.599877e-04 -2.268742e-05 1.015789e+00
0.000000e+00 0.000000e+00 0.000000e+00 0.000000e+00 0.000000e+00 0.000000e+00 0.000000e+00 0.000000e+00 0.000000e+00
0.0000000000000000e+00
0
0
8 9
1.074644e+00 -9.333440e-03 -3.876257e+01 6.967212e-03 1.073361e+00 -5.600427e+01 -4.327174e-05 -1.586749e-05 1.000000e+00
0.000000e+00 0.000000e+00 0.000000e+00 0.000000e+00 0.000000e+00 0.000000e+00 0.000000e+00 0.000000e+00 0.000000e+00
8.7214611872146119e-01
191
0
9 0
9.131256e-01 8.304546e-02 -5.224095e+00 -8.458641e-02 9.059771e-01 -3.548622e+01 1.637334e-05 -1.096259e-05 1.000397e+00
0.000000e+00 0.000000e+00 0.000000e+00 0.000000e+00 0.000000e+00 0.000000e+00 0.000000e+00 0.000000e+00 0.000000e+00
0.0000000000000000e+00
0
0
9 1
8.490271e-01 6.208215e-02 2.483860e+02 -7.584771e-02 8.347458e-01 -1.744099e+01 3.676579e-04 6.254495e-05 1.107761e+00
0.000000e+00 0.000000e+00 0.000000e+00 0.000000e+00 0.000000e+00 0.000000e+00 0.000000e+00 0.000000e+00 0.000000e+00
0.0000000000000000e+00
0
0
9 3
1.004706e+00 -5.603260e-03 1.345003e+01 -1.290451e-02 9.847518e-01 -9.102337e+01 5.820242e-06 -2.482086e-05 1.002365e+00
0.000000e+00 0.000000e+00 0.000000e+00 0.000000e+00 0.000000e+00 0.000000e+00 0.000000e+00 0.000000e+00 0.000000e+00
0.0000000000000000e+00
0
0
9 4
9.197039e-01 6.481557e-02 -4.247524e+01 -6.314096e-02 9.517174e-01 -6.318553e+01 1.200890e-04 -4.893079e-06 9.953772e-01
0.000000e+00 0.000000e+00 0.000000e+00 0.000000e+00 0.000000e+00 0.000000e+00 0.000000e+00 0.000000e+00 0.000000e+00
0.0000000000000000e+00
0
0
9 5
8.446465e-01 6.953740e-02 1.126739e+02 -7.872548e-02 8.466731e-01 -2.504716e+01 1.977421e-04 3.101951e-05 1.026127e+00
0.000000e+00 0.000000e+00 0.000000e+00 0.000000e+00 0.000000e+00 0.000000e+00 0.000000e+00 0.000000e+00 0.000000e+00
0.0000000000000000e+00
0
0
9 6
0.000000e+00 0.000000e+00 0.000000e+00 0.000000e+00 0.000000e+00 0.000000e+00 0.000000e+00 0.000000e+00 0.000000e+00
0.000000e+00 0.000000e+00 0.000000e+00 0.000000e+00 0.000000e+00 0.000000e+00 0.000000e+00 0.000000e+00 0.000000e+00
0.0000000000000000e+00
0
0
9 7
7.470448e-01 6.445606e-02 -6.771663e+01 -4.061938e-02 7.408287e-01 8.909406e+00 1.083626e-05 -1.226117e-04 9.981501e-01
0.000000e+00 0.000000e+00 0.000000e+00 0.000000e+00 0.000000e+00 0.000000e+00 0.000000e+00 0.000000e+00 0.000000e+00
0.0000000000000000e+00
0
0
9 8
9.319585e-01 8.645068e-03 3.660927e+01 -3.948487e-03 9.323887e-01 5.206469e+01 4.026482e-05 1.516875e-05 1.002410e+00
0.000000e+00 0.000000e+00 0.000000e+00 0.000000e+00 0.000000e+00 0.000000e+00 0.000000e+00 0.000000e+00 0.000000e+00
0.0000000000000000e+00
0
0
1032
5 0 3 4 7 5 6 8 7 9 5
5 0 7 3 8 4 9 8 13 9 10
5 0 8 3 9 4 10 8 15 9 11
6 0 9 3 11 4 12 5 15 8 17 9 13
5 0 10 3 12 4 13 8 18 9 14
2 0 13 8 22
5 0 15 3 6 9 9 4 8 8 24
6 0 18 3 17 4 17 5 34 8 25 9 20
2 0 19 3 18
3 0 21 3 24 4 22
2 0 22 8 21
3 0 23 3 23 4 23
7 0 27 1 38 3 16 4 26 5 29 8 33 9 19
6 0 28 3 29 4 27 9 18 8 48 5 50
5 0 29 5 52 9 29 3 30 8 51
5 0 30 3 32 4 29 8 35 9 32
6 0 35 3 43 5 38 4 37 9 47 8 74
2 0 36 8 44
8 0 40 1 87 4 50 5 76 6 124 8 49 9 57 3 55
6 0 43 3 33 4 53 5 55 9 33 8 36
6 0 44 4 54 5 56 8 53 9 34 3 34
2 0 45 5 82
5 0 47 3 36 4 55 9 36 8 54
5 0 48 3 37 4 56 8 55 9 37
5 0 49 3 63 4 61 9 63 8 65
4 0 55 3 66 4 68 9 69
4 0 56 4 69 5 65 9 65
5 0 58 4 70 3 91 9 66 8 107
2 0 59 7 106
3 0 65 5 102 9 52
5 0 67 4 77 5 104 8 86 9 53
4 0 68 4 78 8 87 9 54
6 0 71 3 75 4 82 9 84 5 113 8 91
4 0 72 3 77 5 77 8 93
5 0 76 8 98 3 58 4 57 9 59
7 0 77 3 82 5 87 8 101 4 87 1 167 7 262
6 0 78 6 143 9 92 3 84 8 102 4 88
6 0 85 1 109 3 64 5 96 4 66 9 67
6 0 90 8 110 3 67 5 68 9 70 7 107
4 0 94 3 96 4 99 9 105
6 0 98 5 138 8 83 9 75 1 308 4 75
3 0 101 3 105 5 141
4 0 103 5 105 8 84 9 76
6 0 104 4 105 5 106 8 121 9 82 3 73
5 0 106 3 108 4 80 8 119 9 78
6 0 107 3 111 4 81 5 110 9 83 8 123
6 0 108 3 76 4 83 5 114 8 92 9 85
3 0 110 8 128 9 128
6 0 112 1 231 3 115 4 112 5 158 9 120
7 0 113 4 113 5 160 3 79 9 121 1 232 8 127
7 0 115 1 239 3 124 4 118 5 173 8 130 9 127
8 0 116 3 119 4 119 5 175 9 124 1 235 8 132 6 305
7 0 117 3 120 4 120 1 244 9 125 7 381 8 133
5 0 118 4 86 9 90 3 81 8 100
6 0 119 3 83 4 122 6 206 8 134 9 91
5 0 124 3 93 1 177 4 95 9 102
5 0 125 3 94 4 96 1 178 9 103
3 0 128 5 191 1 383
3 0 135 4 103 9 109
4 0 137 1 319 4 142 9 151
4 0 139 3 107 4 104 9 115
6 0 141 3 144 4 147 5 222 8 172 9 157
5 0 142 3 143 4 148 8 171 9 155
7 0 143 3 148 4 149 1 333 9 160 5 221 8 245
5 0 144 3 151 4 150 8 176 9 163
5 0 145 3 145 9 158 4 229 8 243
8 0 146 1 334 3 112 4 153 5 150 6 287 8 178 9 164
5 0 147 3 147 5 148 8 173 9 159
5 0 148 3 149 4 155 8 174 9 161
6 0 149 5 152 8 175 4 157 3 150 9 162
8 0 150 3 156 4 159 5 233 6 437 8 184 9 170 1 346
9 0 151 3 114 4 110 5 154 6 295 7 364 9 122 1 229 8 126
9 0 152 3 159 4 161 5 155 6 440 8 188 1 352 9 172 7 365
6 0 153 3 158 4 162 5 157 8 189 9 171
4 0 154 3 160 4 164 8 190
3 0 155 9 185 3 126
6 0 157 3 161 4 165 8 191 9 173 5 165
7 0 158 3 162 4 166 5 168 6 300 8 192 9 174
4 0 159 8 129 3 121 9 126
2 0 160 8 185
2 0 161 1 357
8 0 162 3 166 4 178 9 177 1 360 7 379 8 195 5 174
2 0 174 5 261
2 0 187 8 218
5 0 202 4 146 8 238 9 149 3 106
2 0 205 9 165
4 0 207 5 223 8 244 4 230
5 0 208 5 308 8 181 9 166 4 156
2 0 209 9 341
2 0 210 8 366
3 0 211 8 256 9 241
3 0 212 8 255 1 467
5 0 214 8 257 9 242 3 217 4 236
8 0 216 1 476 3 203 4 240 5 318 7 518 8 251 9 237
2 0 217 8 262
2 0 219 9 249
4 0 220 8 249 4 163 3 157
5 0 221 9 252 3 222 4 249 8 264
3 0 224 3 200 4 241
5 0 226 3 163 4 245 6 451 1 486
4 0 227 1 489 5 240 6 450
4 0 228 1 490 5 241 7 376
3 0 230 3 172 9 195
2 0 231 4 264
4 0 232 3 227 9 265 8 284
2 0 239 5 250
2 0 242 5 341
4 0 288 4 212 8 227 9 215
3 0 291 4 132 9 144
2 0 298 8 339
2 0 300 9 301
3 0 301 8 240 4 144
3 0 302 4 226 9 225
3 0 303 4 227 9 226
6 0 304 3 278 4 313 8 350 9 312 1 602
4 0 307 6 431 8 363 9 230
7 0 308 9 321 4 314 5 408 8 358 1 609 3 281
7 0 309 3 283 4 315 8 354 9 317 1 622 5 409
3 0 310 3 279 5 301
5 0 311 4 317 8 356 9 316 5 306
3 0 312 3 282 5 307
4 0 313 3 280 4 318 9 314
3 0 316 1 615 8 357
2 0 317 8 351
2 0 318 8 352
6 0 319 3 285 4 320 8 359 9 322 5 421
4 0 326 3 298 9 337 4 333
5 0 327 3 374 5 432 8 498 9 449
10 0 328 4 242 5 319 6 453 8 252 9 238 1 478 3 201 2 485 7 521
2 0 329 7 799
7 0 330 6 878 8 382 1 651 4 339 7 1124 3 308
3 0 331 3 206 4 243
3 0 332 3 207 4 244
2 0 334 3 302
6 0 335 1 658 4 345 5 448 8 384 3 303
6 0 336 4 346 1 659 5 449 9 479 6 663
6 0 340 6 673 1 677 2 701 7 1115 9 494
6 0 342 5 324 8 380 3 205 4 251 6 678
9 0 343 1 662 3 401 6 885 4 491 5 465 8 531 9 495 7 1127
4 0 344 5 466 8 393 9 355
2 0 345 8 387
4 0 346 3 312 5 467 8 394
3 0 347 3 208 4 252
2 0 348 4 361
6 0 349 8 537 1 829 4 497 5 622 9 501
2 0 350 5 325
6 0 352 3 315 4 362 9 360 1 836 8 401
4 0 362 3 231 4 268 8 418
2 0 384 5 354
2 0 451 8 343
2 0 452 8 344
2 0 453 4 228
5 0 457 4 456 7 1098 5 423 9 454
5 0 460 1 788 4 458 6 1071 5 580
5 0 461 4 459 6 1072 1 967 5 425
2 0 462 8 534
3 0 463 5 427 1 638
6 0 464 4 628 5 428 7 1383 1 973 6 1326
5 0 465 3 292 5 429 6 895 1 796
9 0 466 3 377 4 465 5 444 6 867 8 504 9 331 1 799 7 1106
5 0 468 7 1099 9 455 4 457 5 435
5 0 472 1 655 8 512 9 466 4 471
2 0 473 9 467
5 0 476 7 1100 4 462 9 463 3 379
9 0 477 7 1079 8 501 1 644 2 911 4 324 9 459 5 424 6 866
7 0 478 7 1080 8 502 9 460 1 645 2 912 4 325
5 0 479 4 479 6 1091 1 813 5 597
7 0 480 1 668 3 299 5 458 4 341 8 518 9 473
5 0 481 1 815 5 600 8 526 9 492
7 0 482 1 654 4 343 5 445 8 517 3 388 9 335
5 0 483 1 660 8 515 6 874 5 438
8 0 484 8 706 9 486 1 993 4 483 5 951 7 1409 6 1101
5 0 485 9 487 1 994 8 707 4 484
2 0 486 6 1095
4 0 487 4 485 5 602 9 471
5 0 488 5 606 9 493 1 818 7 1646
6 0 489 1 664 4 353 5 452 8 378 9 346
3 0 490 8 513 9 470
3 0 491 3 301 4 356
6 0 492 4 357 1 661 6 882 9 350 7 1122
3 0 495 9 472 3 389
6 0 496 1 675 3 395 4 492 5 464 6 667
3 0 498 5 468 8 527
3 0 501 8 538 9 503
3 0 502 8 539 9 504
2 0 503 5 623
2 0 506 8 541
2 0 507 8 547
4 0 508 7 1150 8 548 9 361
4 0 517 4 371 9 393 8 560
2 0 527 1 859
3 0 528 5 488 9 407
3 0 546 3 432 8 571
2 0 568 4 576
2 0 578 4 578
2 0 579 4 579
2 0 584 4 424
2 0 589 8 600
2 0 590 8 602
3 0 602 9 421 8 614
2 0 603 9 422
3 0 606 8 615 9 425
2 0 607 8 617
2 0 612 8 620
3 0 613 8 621 9 428
3 0 628 4 448 8 642
2 0 630 5 572
3 0 634 8 511 9 474
2 0 635 9 660
2 0 636 4 616
6 0 637 3 375 5 577 8 500 9 456 1 953
6 0 638 8 667 1 635 6 1069 7 789 5 422
6 0 639 5 760 6 1070 7 1612 1 793 4 464
2 0 640 9 496
3 0 641 8 700 9 498
3 0 643 1 956 4 625
6 0 644 4 626 7 1088 5 586 8 663 9 634
4 0 645 8 711 9 683 1 965
7 0 651 1 952 5 757 7 1373 9 632 4 620 8 884
8 0 652 1 968 3 483 4 466 5 583 8 684 9 465 6 1080
7 0 656 4 645 6 1084 8 686 9 464 1 987 5 584
2 0 657 8 677
2 0 659 7 1370
3 0 660 3 376 7 1371
3 0 661 4 475 3 381
5 0 662 8 687 5 779 9 653 1 978
3 0 663 5 782 9 665
5 0 665 1 979 4 912 5 593 6 1333
3 0 666 4 653 9 655
5 0 667 1 969 4 656 9 652 8 690
2 0 668 4 661
3 0 669 8 688 4 662
6 0 671 4 667 1 988 5 788 6 1092 9 663
7 0 673 1 991 4 669 6 1093 7 1123 8 705 5 451
2 0 675 9 651
3 0 676 4 671 8 682
8 0 677 1 998 5 605 6 1102 8 698 9 481 3 495 4 674
4 0 680 3 489 5 607 9 659
2 0 681 4 931
5 0 682 4 932 5 799 1 1171 8 1221
4 0 683 3 493 8 695 9 953
5 0 685 5 615 8 709 9 676 3 497
3 0 686 3 498 4 682
2 0 690 9 505
2 0 691 1 833
2 0 694 3 510
3 0 696 3 404 4 500
3 0 698 4 502 9 371
4 0 701 9 519 4 740 8 758
4 0 703 4 519 8 777 9 557
4 0 706 3 537 4 759 5 636
4 0 708 5 814 4 773 9 813
4 0 712 4 780 9 807 1 855
7 0 713 4 781 7 1491 9 808 1 856 5 648 6 949
2 0 722 6 1192
5 0 738 4 535 5 663 9 539 8 806
2 0 739 5 662
3 0 741 4 802 9 844
2 0 742 4 803
2 0 801 7 1238
2 0 810 9 582
2 0 811 8 839
2 0 812 8 466
2 0 816 8 849
2 0 826 8 633
4 0 837 4 601 8 857 9 606
3 0 838 4 604 9 605
6 0 845 4 619 5 745 8 883 9 918 1 951
4 0 846 5 922 8 880 9 917
5 0 849 7 1614 8 890 9 923 1 954
4 0 850 7 1615 8 891 9 924
8 0 856 1 1128 4 881 5 746 7 1374 8 881 9 915 6 1318
5 0 857 4 623 5 747 7 1617 9 925
2 0 859 9 975
4 0 860 8 664 9 919 7 1618
2 0 861 8 712
6 0 863 3 605 4 629 8 885 9 635 1 960
4 0 864 1 959 8 661 9 631
7 0 867 1 1133 3 606 4 630 5 754 8 887 9 637
2 0 868 7 1626
2 0 870 9 692
7 0 871 7 1424 8 942 9 997 5 609 3 503 4 655
4 0 879 8 904 9 657 5 770
2 0 880 9 643
6 0 882 4 898 5 772 7 1628 1 1140 6 1477
5 0 883 5 750 4 883 8 893 9 1191
3 0 885 9 935 5 945
5 0 886 4 666 5 786 9 966 8 710
2 0 887 5 1139
2 0 888 5 954
2 0 889 4 681
2 0 891 1 1163
5 0 892 8 1238 1 1004 7 1426 6 1344
6 0 893 3 491 4 675 8 922 9 661 1 1000
6 0 894 4 676 8 923 9 662 5 795 7 1414
5 0 895 4 678 8 954 9 686 3 619
3 0 897 1 1150 4 664
4 0 902 4 936 8 952 9 986
4 0 903 4 937 8 1255 1 1178
3 0 904 5 802 7 1662
3 0 917 1 1014 9 981
2 0 927 4 714
2 0 952 4 754
2 0 960 4 761
3 0 963 4 766 9 830
2 0 964 9 831
2 0 966 9 842
2 0 980 4 1081
2 0 988 7 1862
5 0 995 3 659 4 1097 5 833 8 1088
5 0 997 1 1234 3 667 4 1109 5 839
2 0 1001 9 1155
2 0 1058 8 1131
4 0 1077 4 1160 8 1146 9 905
4 0 1080 4 603 8 858 9 602
3 0 1081 8 861 4 863
3 0 1082 4 860 9 607
3 0 1083 4 861 9 608
2 0 1090 4 874
3 0 1091 4 875 9 625
3 0 1096 5 923 1 1280
2 0 1097 9 1258
2 0 1101 9 926
2 0 1103 9 976
6 0 1104 1 957 4 886 8 1158 5 751 7 1793
2 0 1108 8 1246
3 0 1109 8 1247 9 1273
2 0 1110 8 914
2 0 1115 8 945
3 0 1117 1 1296 8 1473
4 0 1123 7 1820 1 1311 4 1188
2 0 1124 8 1211
4 0 1125 1 1312 4 1194 7 1823
6 0 1126 1 1337 5 1122 6 1482 8 1472 9 1208
7 0 1128 4 905 5 944 7 1635 1 1156 9 941 8 1186
3 0 1130 5 1123 9 1214
3 0 1131 4 1198 5 1129
4 0 1132 7 1639 6 1332 4 910
2 0 1135 1 1304
3 0 1136 1 1305 5 947
7 0 1137 4 1197 5 1127 6 1585 8 1207 9 1232 1 1318
2 0 1144 9 1244
2 0 1147 1 1345
2 0 1148 9 971
3 0 1150 9 1233 4 1208
2 0 1155 4 1212
3 0 1158 5 955 9 948
3 0 1159 9 949 5 956
2 0 1167 4 698
2 0 1168 4 699
3 0 1179 8 997 4 720
3 0 1184 4 722 9 745
2 0 1210 9 759
2 0 1212 9 1086
2 0 1221 9 798
2 0 1237 4 1049
2 0 1241 4 1052
4 0 1246 4 779 8 1069 9 861
3 0 1247 9 1157 8 1359
2 0 1254 4 1071
3 0 1276 4 1325 9 1344
2 0 1277 9 1345
2 0 1279 4 1475
2 0 1286 5 1000
2 0 1292 9 1342
3 0 1312 5 1205 4 1354
2 0 1322 5 1048
2 0 1357 8 1127
3 0 1375 8 1428 9 1425
2 0 1376 9 1424
2 0 1377 8 1166
4 0 1378 1 1449 4 1381 9 1418
2 0 1381 4 1383
4 0 1387 4 1388 5 1262 1 1445
4 0 1390 4 1392 5 1270 8 1634
2 0 1393 9 1261
2 0 1396 8 1468
5 0 1398 4 1180 7 1812 8 1476 9 1218
3 0 1402 8 1195 9 1225
2 0 1404 8 1482
2 0 1405 5 1120
3 0 1409 8 1214 9 1241
3 0 1410 9 1242 8 1215
3 0 1413 4 1190 1 1303
3 0 1414 4 1196 1 1485
3 0 1419 8 1229 9 1467
2 0 1420 7 1901
3 0 1422 9 1251 1 1339
3 0 1426 9 1235 8 1493
2 0 1433 1 1503
2 0 1436 8 1248
4 0 1438 5 1154 1 1510 9 1474
2 0 1439 4 1521
2 0 1443 8 965
3 0 1462 4 1250 9 1052
2 0 1477 3 703
2 0 1478 9 1089
2 0 1482 9 1091
3 0 1489 4 1028 9 1328
3 0 1497 8 1346 4 1058
3 0 1502 4 1301 9 1132
2 0 1506 9 1156
3 0 1507 9 1160 4 1070
3 0 1509 4 1313 9 1154
4 0 1510 9 1375 4 1309 8 1557
4 0 1511 4 1076 9 1161 8 1360
2 0 1532 5 1327
2 0 1543 5 1334
2 0 1553 5 1346
2 0 1586 5 1247
2 0 1597 8 1610
2 0 1598 9 1526
3 0 1600 4 1389 5 1263
2 0 1601 8 1454
3 0 1606 5 1266 9 1523
2 0 1607 8 1451
3 0 1610 6 1569 1 1453
2 0 1612 8 1650
2 0 1615 9 1444
3 0 1618 5 1291 9 1568
2 0 1622 4 1407
2 0 1626 9 1449
2 0 1634 4 1520
4 0 1652 8 1559 9 1390 4 1315
3 0 1653 8 1560 9 1391
2 0 1655 9 1388
3 0 1681 4 1564 9 1512
2 1 18 5 14
3 1 27 5 19 6 21
2 1 39 6 47
2 1 52 6 71
2 1 54 6 76
2 1 68 5 66
2 1 131 6 103
3 1 162 5 83 9 58
2 1 190 6 166
2 1 191 6 167
2 1 211 6 269
2 1 238 6 204
3 1 271 4 126 3 132
3 1 298 6 243 2 385
2 1 327 6 425
3 1 347 6 438 5 234
3 1 348 3 155 9 168
2 1 378 7 828
2 1 469 5 228
2 1 472 5 232
2 1 482 6 662
2 1 491 6 669
4 1 492 3 213 9 352 8 390
5 1 493 3 214 9 353 8 391 5 460
6 1 504 9 266 3 171 4 190 8 286 5 484
4 1 510 4 269 9 267 3 230
2 1 515 7 1190
2 1 517 5 256
2 1 541 3 361
2 1 549 3 366
2 1 623 5 418
2 1 629 5 225
2 1 630 8 370
5 1 642 4 469 7 1105 5 436 2 922
6 1 657 7 1108 8 520 5 462 3 393 9 477
5 1 665 4 354 5 443 8 379 9 349
4 1 667 5 469 4 351 9 491
2 1 671 5 459
2 1 674 3 394
3 1 702 9 542 4 538
3 1 751 6 775 2 778
3 1 770 5 403 8 643
2 1 771 5 404
3 1 777 5 741 8 654
3 1 803 6 1083 8 685
2 1 804 3 380
4 1 805 9 462 3 378 8 506
2 1 806 5 437
3 1 808 5 439 9 338
3 1 809 9 339 4 334
2 1 810 4 478
6 1 811 3 485 8 681 4 660 5 596 9 650
2 1 816 4 476
3 1 822 4 679 5 612
4 1 825 8 702 9 483 5 603
3 1 826 5 604 9 484
5 1 828 4 496 5 621 8 536 9 500
3 1 835 5 472 8 540
2 1 853 4 776
5 1 864 3 550 4 788 9 823 8 791
2 1 865 8 578
2 1 888 5 506
2 1 893 5 510
2 1 898 5 513
2 1 942 3 371
3 1 945 5 568 8 628
2 1 950 5 575
2 1 958 8 660
5 1 972 6 1325 4 627 5 777 7 1382
2 1 980 9 933
2 1 983 5 781
4 1 986 5 792 6 1089 7 1623
4 1 989 4 668 5 789 8 694
6 1 990 5 791 6 1339 8 696 4 670 9 670
3 1 999 8 930 9 964
2 1 1006 6 1345
2 1 1013 9 980
3 1 1037 8 776 9 792
2 1 1043 5 828
2 1 1044 8 794
2 1 1046 8 1093
2 1 1072 8 811
2 1 1094 4 575
2 1 1154 6 1489
2 1 1155 4 917
3 1 1157 8 1202 9 1228
2 1 1164 7 1638
2 1 1165 5 960
3 1 1170 5 798 8 1220
2 1 1174 5 797
2 1 1186 9 1007
2 1 1218 5 1007
2 1 1233 4 1108
2 1 1250 5 1047
4 1 1292 5 1104 9 1203 8 1462
2 1 1295 4 1175
2 1 1298 4 1184
2 1 1308 4 1187
2 1 1315 6 1490
4 1 1325 5 948 8 1218 9 1243
3 1 1326 6 1480 9 1477
3 1 1327 5 950 9 947
2 1 1333 5 1142
2 1 1340 9 1249
2 1 1342 6 1598
2 1 1392 5 1192
3 1 1442 4 1176 5 1260
2 1 1455 9 1430
2 1 1456 9 1431
2 1 1462 4 1400
3 1 1470 5 1265 8 1433
2 1 1472 9 1452
2 1 1484 4 1195
2 1 1492 8 1523
2 2 22 7 23
2 2 95 6 82
2 2 114 7 116
2 2 115 6 96
2 2 116 7 126
2 2 129 7 129
2 2 151 7 94
2 2 153 7 97
2 2 155 6 210
2 2 176 6 170
2 2 177 7 137
2 2 221 7 264
2 2 227 7 269
2 2 261 7 446
2 2 276 7 227
2 2 277 7 228
2 2 292 7 740
2 2 316 6 299
2 2 322 7 373
2 2 352 7 588
2 2 359 6 240
2 2 423 7 682
2 2 429 6 403
3 2 454 6 290 7 762
3 2 464 6 442 7 775
2 2 470 6 303
2 2 480 7 367
2 2 505 7 537
2 2 514 6 495
2 2 515 6 496
2 2 553 7 895
2 2 559 7 596
2 2 567 7 921
2 2 568 7 922
2 2 569 6 555
3 2 588 7 948 6 577
2 2 683 6 651
2 2 687 6 664
2 2 718 7 821
2 2 730 7 1170
2 2 776 6 551
2 2 789 7 928
2 2 795 7 924
2 2 812 7 980
3 2 833 6 817 7 1313
2 2 834 6 816
2 2 837 7 996
2 2 889 7 1083
2 2 902 6 668
2 2 927 7 1118
4 2 928 6 666 5 463 7 1109
2 2 960 7 1446
2 2 988 6 931
2 2 1030 6 769
2 2 1033 6 773
2 2 1034 6 774
2 2 1045 6 995
2 2 1051 6 1002
3 2 1125 7 1095 5 453
2 2 1197 7 1687
2 2 1198 7 1688
2 2 1207 7 1697
2 2 1217 7 1473
2 2 1258 6 1249
2 2 1259 6 1250
2 2 1292 6 833
2 2 1293 6 834
2 2 1308 6 862
2 3 1 4 2
2 3 2 4 5
2 3 7 8 12
4 3 10 4 11 8 16 9 12
4 3 13 4 15 9 15 5 23
2 3 15 9 17
4 3 20 4 19 8 27 9 22
4 3 21 4 20 9 23 8 42
2 3 22 9 25
3 3 31 8 34 9 31
3 3 38 4 35 9 40
2 3 39 4 39
3 3 40 4 38 9 43
2 3 42 9 44
3 3 44 4 44 9 45
3 3 45 4 45 9 46
3 3 46 4 42 9 49
3 3 47 4 43 9 50
2 3 59 4 84
4 3 61 4 59 8 60 9 61
4 3 62 4 58 8 62 9 62
4 3 65 4 67 8 68 9 68
2 3 68 9 71
2 3 69 9 72
2 3 78 9 86
3 3 85 8 103 9 95
4 3 86 4 89 8 104 9 96
3 3 87 4 91 9 98
3 3 89 4 93 9 99
3 3 90 4 94 9 100
4 3 92 4 92 8 108 9 101
3 3 95 4 98 9 104
2 3 98 9 138
2 3 100 4 127
5 3 109 4 106 8 120 9 79 5 142
4 3 110 4 107 8 122 9 116
4 3 116 4 111 8 193 9 175
2 3 128 9 132
2 3 129 9 134
2 3 131 4 198
2 3 133 4 200
2 3 134 4 201
2 3 135 4 129
2 3 141 9 154
2 3 152 8 177
4 3 154 4 160 8 183 9 167
4 3 164 5 238 9 244 8 258
2 3 165 4 173
3 3 167 9 181 4 171
3 3 173 4 192 9 194
3 3 174 4 189 9 197
2 3 175 9 198
3 3 176 4 194 9 200
3 3 177 4 196 9 199
2 3 178 4 195
2 3 180 4 273
2 3 184 4 199
2 3 185 4 203
2 3 186 4 288
3 3 193 8 234 4 214
4 3 202 4 349 8 250 9 236
2 3 212 9 246
2 3 216 9 240
4 3 223 4 255 9 257 8 269
2 3 224 9 258
3 3 232 4 398 9 391
3 3 233 4 271 9 268
2 3 235 9 269
3 3 237 4 391 9 398
2 3 238 9 273
3 3 239 4 274 9 271
3 3 240 4 275 9 272
2 3 241 4 193
2 3 242 4 276
3 3 243 4 272 9 404
2 3 245 4 393
3 3 247 4 400 9 406
3 3 248 4 277 9 280
2 3 249 4 281
3 3 250 4 411 9 282
2 3 254 4 409
2 3 256 4 408
2 3 259 4 286
2 3 261 4 287
2 3 264 4 290
3 3 265 4 419 5 372
3 3 273 4 302 9 296
2 3 274 9 299
2 3 277 5 299
2 3 284 4 319
2 3 286 4 321
3 3 287 8 361 9 324
3 3 291 8 367 9 330
3 3 294 8 371 9 235
3 3 295 8 375 9 332
2 3 297 4 348
2 3 300 4 342
2 3 306 4 355
2 3 317 9 365
2 3 318 9 364
2 3 320 4 254
2 3 324 9 380
3 3 327 4 383 9 385
4 3 335 4 373 9 399 8 565
3 3 338 4 395 9 402
2 3 345 4 404
2 3 346 4 406
2 3 347 4 410
2 3 348 4 283
2 3 350 4 401
2 3 352 4 417
2 3 356 4 415
2 3 397 4 488
2 3 398 4 489
3 3 399 4 494 9 482
2 3 403 4 499
2 3 414 9 777
2 3 423 4 532
2 3 431 9 835
3 3 438 4 546 9 851
3 3 441 4 812 9 853
3 3 443 4 800 9 559
3 3 446 4 552 9 561
2 3 450 4 407
2 3 453 4 555
2 3 454 4 556
2 3 461 9 575
2 3 467 4 570
2 3 469 4 573
2 3 470 4 572
2 3 484 5 595
2 3 502 4 651
2 3 505 4 654
3 3 527 9 746 4 723
2 3 531 9 761
3 3 549 4 790 9 1109
3 3 558 4 804 9 832
2 3 559 9 833
3 3 568 4 547 9 852
3 3 569 4 1122 9 856
3 3 582 4 1123 9 1158
2 3 584 9 878
3 3 589 4 842 9 883
2 3 596 4 563
2 3 603 9 591
2 3 608 9 940
3 3 615 4 947 8 948
5 3 616 4 935 5 965 8 951 9 985
2 3 625 8 946
2 3 627 4 949
2 3 655 9 1085
2 3 680 9 1172
2 3 737 4 1522
2 3 746 5 728
2 4 18 8 26
3 4 28 9 30 5 33
3 4 33 8 63 9 38
3 4 34 8 64 9 39
2 4 60 8 61
2 4 79 9 81
2 4 97 8 137
2 4 125 9 135
2 4 128 7 197
2 4 141 8 239
2 4 168 9 179
2 4 169 9 180
2 4 174 5 171
2 4 175 5 172
2 4 177 9 178
2 4 181 9 256
2 4 187 9 133
2 4 218 9 220
2 4 221 8 169
2 4 225 8 242
2 4 232 8 365
3 4 260 9 261 8 414
3 4 261 8 411 9 262
2 4 304 8 337
2 4 306 9 297
3 4 316 5 413 8 355
2 4 360 8 397
3 4 363 9 363 8 549
2 4 364 9 375
2 4 365 9 376
2 4 382 9 388
2 4 396 9 274
2 4 397 9 275
2 4 399 9 568
2 4 437 8 635
3 4 441 7 1585 8 637
2 4 446 5 569
2 4 449 8 485
2 4 450 8 486
2 4 460 7 1090
3 4 481 5 601 7 1125
2 4 482 7 1404
2 4 507 8 753
2 4 513 9 545
2 4 514 9 546
2 4 515 9 811
2 4 522 9 529
2 4 523 5 651
2 4 533 9 549
2 4 537 9 541
2 4 541 9 535
2 4 542 9 536
2 4 548 9 573
2 4 565 9 886
3 4 596 8 638 9 598
2 4 602 9 601
2 4 605 9 609
4 4 613 5 742 9 613 8 867
2 4 615 9 619
2 4 617 9 644
2 4 618 8 889
2 4 631 8 899
2 4 632 8 900
2 4 633 9 647
2 4 635 8 903
3 4 636 7 1393 5 764
2 4 642 8 913
2 4 652 8 693
2 4 659 9 649
2 4 673 6 1493
2 4 748 9 782
2 4 749 9 783
2 4 752 9 790
3 4 758 9 1094 8 1349
4 4 772 8 1080 9 815 5 979
2 4 774 8 787
3 4 775 9 803 8 1077
3 4 777 8 773 9 554
2 4 785 9 826
2 4 786 9 880
2 4 787 9 824
2 4 794 8 808
2 4 798 9 857
2 4 805 9 865
2 4 806 9 869
2 4 813 9 854
2 4 827 9 875
2 4 862 8 1147
2 4 864 8 862
2 4 866 9 610
2 4 867 9 615
2 4 945 9 984
2 4 946 7 1139
2 4 958 8 1278
2 4 981 9 1051
2 4 1021 9 1093
2 4 1027 8 1547
2 4 1032 8 1333
3 4 1033 8 769 9 776
2 4 1038 9 1106
3 4 1043 8 1339 9 820
2 4 1057 8 1345
3 4 1063 8 1353 9 1147
2 4 1064 9 1148
2 4 1065 9 1149
3 4 1067 8 1068 9 862
2 4 1069 8 1090
2 4 1077 9 1162
2 4 1079 9 1126
2 4 1085 9 1128
2 4 1096 9 1120
2 4 1118 9 1164
2 4 1120 9 855
2 4 1127 9 1177
2 4 1128 9 1178
3 4 1174 5 931 9 1194
2 4 1181 8 1181
3 4 1185 7 1816 6 1568
3 4 1186 7 1798 5 957
2 4 1219 9 1262
3 4 1220 9 1263 8 1252
2 4 1222 9 1280
2 4 1231 9 1291
2 4 1237 8 1532
2 4 1261 9 1068
2 4 1264 9 1074
2 4 1279 9 1319
2 4 1280 9 1320
2 4 1282 9 1324
2 4 1292 9 1103
2 4 1295 9 1113
2 4 1304 8 1350
2 4 1324 9 1360
3 4 1334 9 1369 8 1389
2 4 1335 9 1364
2 4 1357 9 1392
2 4 1361 9 1394
2 4 1382 9 1419
3 4 1390 5 1264 9 1198
2 4 1393 8 1458
2 4 1394 5 1100
3 4 1395 6 1566 9 1427
2 4 1396 9 1428
2 4 1399 8 1466
2 4 1401 8 1480
2 4 1403 9 1197
2 4 1404 5 1124
2 4 1412 5 1147
2 4 1441 6 1142
2 4 1452 8 1330
2 4 1471 9 1495
2 4 1480 9 1346
2 4 1494 9 1507
2 4 1497 9 1378
2 5 24 6 37
2 5 35 9 21
2 5 78 8 95
2 5 98 8 138
2 5 176 7 263
2 5 182 7 393
4 5 236 8 248 9 232 7 515
3 5 239 8 259 9 245
3 5 303 8 348 9 311
2 5 396 8 479
2 5 454 9 468
2 5 487 6 718
2 5 491 6 720
2 5 573 8 496
3 5 585 8 662 9 633
2 5 591 7 1116
3 5 743 8 869 9 614
3 5 748 9 628 8 882
2 5 765 7 1394
2 5 766 7 1624
2 5 793 6 1090
2 5 796 8 919
2 5 816 9 821
2 5 829 7 1493
2 5 930 9 927
2 5 968 9 1259
2 5 1091 6 1460
2 5 1093 9 1189
2 5 1099 7 1892
2 5 1115 9 1220
2 5 1117 9 1219
2 5 1118 8 1456
2 5 1119 9 1226
3 5 1126 8 1187 9 1221
2 5 1128 9 1204
3 5 1130 8 1490 9 1455
2 5 1143 9 1223
2 5 1145 9 1237
2 5 1151 6 1485
2 5 1187 6 1618
2 5 1218 8 1402
3 5 1293 9 1450 8 1653
2 6 49 7 98
2 6 369 7 444
2 6 536 7 1250
2 6 537 7 1251
2 6 565 7 939
2 6 572 7 637
2 6 877 9 688
2 6 1159 7 1469
2 6 1327 9 1472
2 6 1337 7 1419
2 6 1343 7 1425
2 6 1351 9 987
2 6 1353 9 1279
2 6 1357 9 1277
2 6 1503 9 1011
2 6 1580 9 1478
3 7 1390 9 642 8 679
2 7 1821 9 951
3 7 1824 9 1230 8 1199
2 8 105 9 131
2 8 106 9 64
2 8 136 9 129
2 8 268 9 253
2 8 281 9 196
2 8 317 9 287
2 8 347 9 310
2 8 362 9 229
2 8 364 9 327
2 8 392 9 354
2 8 412 9 263
2 8 415 9 372
2 8 474 9 293
2 8 483 9 302
2 8 488 9 440
2 8 521 9 478
2 8 525 9 480
2 8 555 9 379
2 8 562 9 784
2 8 651 9 444
2 8 692 9 469
2 8 703 9 673
2 8 756 9 763
2 8 795 9 828
2 8 906 9 938
2 8 1059 9 836
2 8 1066 9 553
2 8 1072 9 876
2 8 1075 9 882
2 8 1101 9 1139
2 8 1157 9 922
2 8 1175 9 1209
2 8 1180 9 1215
2 8 1185 9 942
2 8 1188 9 1222
2 8 1203 9 1229
2 8 1206 9 1239
2 8 1317 9 1081
2 8 1318 9 1082
2 8 1372 9 1349
2 8 1432 9 1192
2 8 1441 9 1434
2 8 1448 9 1438
2 8 1479 9 1454
2 8 1489 9 1236
2 8 1492 9 1234
2 8 1494 9 1461
2 8 1510 9 1253
2 8 1561 9 1395
2 8 1608 9 1423
2 8 1615 9 1534
2 8 1672 9 1564
2 8 1673 9 1565
2 8 1684 9 1574
